,.,A,T,C,G,-,Mutation_Frequency
0,0.9978931623807266,0.0012512985860325977,0.00010766987833303749,0.00041321953306192765,0.0003346496218459273,0.0,0.0021068376192734904
1,0.997928082341267,0.0002211597500894824,0.0007071292009440029,1.1639986846814864e-05,0.0011319887208527453,0.0,0.0020719176587330455
2,0.9975905227227093,0.0007100391976557067,2.618997040533344e-05,0.0005761793489173357,0.0010970687603123008,0.0,0.0024094772772906767
3,0.9992317608681102,8.147990792770404e-05,8.729990135111147e-06,0.0006372892798631138,4.073995396385202e-05,0.0,0.000768239131889781
4,0.9992521308450921,5.8199934234074314e-05,1.1639986846814864e-05,0.0006460192699982249,1.4549983558518578e-05,1.7459980270222295e-05,0.0007304091746376327
5,0.9986323015454992,7.56599145042966e-05,0.0005092494245481502,0.0006954892140971881,4.3649950675555735e-05,4.3649950675555735e-05,0.0013240485038251907
6,0.9987254214402738,0.0002036997698192601,0.0009486589280154114,0.0,4.073995396385202e-05,8.147990792770404e-05,0.0011930986517985236
7,0.9992521308450921,0.00028517967774696417,0.00034628960869274216,0.0,2.3279973693629728e-05,9.311989477451891e-05,0.000654749260133336
8,0.9982831019400948,0.0010825187767537824,0.0003899395593682979,0.00014549983558518578,1.4549983558518578e-05,8.438990463940776e-05,0.0016325081552657846
9,0.9992870508056326,0.00010766987833303749,0.0,0.0004830594541428168,4.946994409896317e-05,7.274991779259289e-05,0.0006401992765748175
10,0.9993685307135602,0.00010766987833303749,0.00035792959553955706,2.909996711703716e-06,2.9099967117037157e-05,0.00013385984873837093,0.0004976094377013354
11,0.9985973815849588,0.00045104949031407593,0.0006692992436918546,4.073995396385202e-05,3.78299572521483e-05,0.0002036997698192601,0.0011989186452219308
12,0.997200583163341,1.1639986846814864e-05,8.147990792770404e-05,0.0024152972707140842,0.00015422982572029694,0.00013676984545007463,0.0026626469912089
13,0.9992521308450921,5.52899375223706e-05,2.036997698192601e-05,0.00044522949689066853,3.78299572521483e-05,0.00018914978626074152,0.0005587193686471134
14,0.9987836213745078,0.0003346496218459273,0.0006605692535567435,5.8199934234074314e-05,3.491996054044459e-05,0.0001280398553149635,0.0010883387701771897
15,0.9990338810917143,4.3649950675555735e-05,0.000686759223962077,2.036997698192601e-05,3.78299572521483e-05,0.00017750979941392667,0.000788609108871707
16,0.9983820418282927,0.0005208894113949652,0.0008526290365291887,0.00016877980927881552,2.9099967117037157e-05,4.6559947387259455e-05,0.0015713982243200065
17,0.9995373105228391,9.602989148622262e-05,0.00020660976653096382,2.3279973693629728e-05,4.6559947387259455e-05,9.020989806281518e-05,0.00037247957909807564
18,0.9993656207168485,0.00014549983558518578,0.0003084596514405939,0.0,0.00017750979941392667,2.909996711703716e-06,0.0006314692864397063
19,0.9995664104899561,9.311989477451891e-05,0.00026771969747674187,5.819993423407432e-06,5.52899375223706e-05,1.1639986846814864e-05,0.00042194952319703883
20,0.9931644177242079,5.819993423407432e-06,0.0008759090102228185,0.00147245833612208,0.00428351515962787,0.00019787977639585267,0.006637702499396176
21,0.997014343373792,0.0003433796119810385,0.0,0.002394927293732158,9.311989477451891e-05,0.00015422982572029694,0.0028314268004877153
22,0.9962228242682086,0.0006140093061694841,0.0,0.0030584065440006055,0.00010184988490963005,2.909996711703716e-06,0.00377426573507972
23,0.9985450016441482,0.0008584490299525961,0.0004976094377013354,8.729990135111147e-05,0.0,1.1639986846814864e-05,0.001443358369005043
24,0.9938249869777647,0.002659736994497196,1.7459980270222295e-05,0.0033464962184592733,0.0001513198290085932,0.0,0.006175013022235285
25,0.9925591384081736,0.00020660976653096382,0.00708002199957514,0.0,0.00014549983558518578,8.729990135111147e-06,0.0074321316016912895
26,0.9923088786909671,0.006789022328404769,0.0005354393949534837,0.00034628960869274216,1.4549983558518578e-05,5.819993423407432e-06,0.007685301315609514
27,0.9986788614928865,9.602989148622262e-05,0.0010330488326548192,4.3649950675555735e-05,0.00014258983887348209,5.819993423407432e-06,0.0013153185136900796
28,0.9866198351195863,5.819993423407432e-06,0.006826852285656917,0.0022843474186874167,0.004263145182645944,0.0,0.013380164880413686
29,0.9981376021045096,0.000593639329187558,0.0011610886879697825,4.6559947387259455e-05,5.8199934234074314e-05,2.909996711703716e-06,0.0018594878987786743
30,0.9889100025316971,1.7459980270222295e-05,0.0025666170997226774,0.004752024630212168,0.00372770578769246,2.618997040533344e-05,0.011063807497897527
31,0.993772607036954,0.002272707431840602,4.073995396385202e-05,0.003736435777827571,0.00017459980270222294,2.909996711703716e-06,0.006224482966334249
32,0.9985188116737428,0.0007449591581961513,0.0005674493587822246,0.00010766987833303749,4.3649950675555735e-05,1.7459980270222295e-05,0.0014637283459869692
33,0.9927104582371822,5.237994081066688e-05,0.0010505088129250414,0.002016627721210675,0.003945955541070238,0.0002240697468011861,0.007065472016016622
34,0.9906065306146205,2.909996711703716e-06,0.0008351690562589664,0.004577424827509945,0.0039692355147638685,8.729990135111147e-06,0.009384739395244483
35,0.9881243034195372,2.909996711703716e-06,0.0019526077935531933,0.004164205294448017,0.00575597349574995,0.0,0.011875696580462863
36,0.9905774306475034,8.729990135111147e-06,0.0032999362710720136,0.0032533763236847544,0.0028517967774696414,8.729990135111147e-06,0.009413839362361521
37,0.9982481819795543,0.0006896692206737806,0.0009661189082856336,2.618997040533344e-05,6.401992765748175e-05,5.819993423407432e-06,0.0017459980270222294
38,0.9918345492269593,0.005846183393812765,8.729990135111147e-06,0.0021766775403543794,0.0001309498520266672,2.909996711703716e-06,0.008162540776328922
39,0.9955127850705529,1.1639986846814864e-05,0.0011494487011229678,0.001126168727429338,0.0021970475173363055,2.909996711703716e-06,0.004484304932735426
40,0.9920353390000669,0.0049702743835899465,1.1639986846814864e-05,0.0028110568235057893,0.0001629598158554081,8.729990135111147e-06,0.007955931009797959
41,0.9986177515619408,0.00036374958896296446,0.0008468090431057813,4.946994409896317e-05,5.237994081066688e-05,6.983992108088918e-05,0.001312408516978376
42,0.994715445971546,1.1639986846814864e-05,0.0006925792173854843,0.0016004981914370436,0.002729576915578085,0.00025025971720651956,0.005034294311247428
43,0.9936969471224497,2.909996711703716e-06,0.0020660976653096384,0.0014171683985997096,0.002813966820217493,2.909996711703716e-06,0.006300142880838544
44,0.9864714252872894,0.005558093719354097,1.1639986846814864e-05,0.007551441466871142,0.00038120956923318677,2.618997040533344e-05,0.013502384742305243
45,0.9976981926010423,0.0009864888852675596,0.0005645393620705209,0.00014549983558518578,5.819993423407432e-06,0.0005994593226109655,0.0017023480763466736
46,0.9894658119036326,0.007033462052187881,0.0032999362710720136,0.00019787977639585267,2.909996711703716e-06,0.0,0.01053418809636745
47,0.9944040763233938,0.0020951976324266753,0.0031515264387751243,0.0003200996382874087,8.729990135111147e-06,2.036997698192601e-05,0.005575553699624319
48,0.9987661613942376,0.00020951976324266752,0.0008206190727004478,2.618997040533344e-05,0.00016877980927881552,8.729990135111147e-06,0.0012251086156272644
49,0.9972966130548272,0.0003288296284225199,4.3649950675555735e-05,0.002191227523912898,0.00010475988162133376,3.491996054044459e-05,0.0026684669846323075
50,0.9928152181188036,1.1639986846814864e-05,0.0029972966130548274,0.0009137389674749668,0.002732486912289789,0.0005296194015300763,0.006655162479666398
51,0.9941305366324936,2.909996711703716e-06,0.0004481394936023722,0.0030875065111176424,0.002293077408822528,3.78299572521483e-05,0.0058316334102542465
52,0.9988592812890121,0.00030554965472889015,0.0007507791516195586,4.3649950675555735e-05,2.618997040533344e-05,1.4549983558518578e-05,0.0011261687274293378
53,0.978873423873031,0.011273327261140194,4.073995396385202e-05,0.009661189082856337,0.0001484098322968895,2.909996711703716e-06,0.021123666130257273
54,0.987772193817421,2.036997698192601e-05,0.009128659684614557,0.00063437928315141,0.002426937257560899,1.7459980270222295e-05,0.01221034620230879
55,0.9935310773098827,0.0037713557383680157,0.0023716473200385284,3.200996382874088e-05,0.00028226968103526044,1.1639986846814864e-05,0.006457282703270546
56,0.9942876764549256,0.005107044229040021,0.0002444397237831121,0.00024734972049481583,0.00011348987175644491,0.0,0.0057123235450743945
57,0.9923263386712373,0.0024938671819300846,5.819993423407432e-06,0.003817915685755275,0.0013385984873837092,1.7459980270222295e-05,0.007656201348492476
58,0.9946194160800599,0.0013967984216177835,2.036997698192601e-05,0.00294491667224416,0.0010155888523845967,2.909996711703716e-06,0.005377673923228466
59,0.995629184939021,0.0026131770471099366,0.0015801282144551176,3.491996054044459e-05,0.00010766987833303749,3.491996054044459e-05,0.004335895100438536
60,0.9983936818151395,0.0011814586649517085,0.0001833297928373341,0.00018041979612563037,4.073995396385202e-05,2.036997698192601e-05,0.001585948207878525
61,0.983450848700541,0.011759296711994716,1.7459980270222295e-05,0.003285386287513495,0.001443358369005043,4.3649950675555735e-05,0.016505501348783477
62,0.9960918744161819,0.0015888582045902287,0.0018100179546797113,0.00011348987175644491,4.073995396385202e-05,0.00035501959882785334,0.003553105984990237
63,0.9912118099306548,0.00733028171678166,0.0009341089444568928,0.0004597794804491871,2.3279973693629728e-05,4.073995396385202e-05,0.008747450115381371
64,0.9919625890822743,0.00029972966130548275,0.006896692206737806,2.036997698192601e-05,0.0007653291351780772,5.52899375223706e-05,0.007982120980203292
65,0.9981987120354554,0.001146538704411264,0.0002706296941884456,0.000317189641575705,3.491996054044459e-05,3.200996382874088e-05,0.001769278000715859
66,0.9870126846756663,0.002773226866253641,1.1639986846814864e-05,0.008878399967408036,0.001300768530131561,2.3279973693629728e-05,0.012964035350640052
67,0.9932604476156942,0.005203074120526244,0.0006140093061694841,0.0001484098322968895,6.983992108088918e-05,0.0007042192042322992,0.006035333180073507
68,0.998742881420544,0.000768239131889781,0.00021242975995437125,4.073995396385202e-05,0.00019496977968414895,4.073995396385202e-05,0.0012163786254921532
69,0.9829619692529747,0.0008002490957185218,2.909996711703716e-06,0.01020535846794493,0.005895653337911728,0.00013385984873837093,0.016904170898286885
70,0.9979979222623478,0.0008788190069345222,0.0008642690233760036,0.0001484098322968895,7.856991121600033e-05,3.200996382874088e-05,0.0019700677738234153
71,0.9876383339686826,2.909996711703716e-06,0.005435873857462541,0.0009282889510334853,0.00583454340696595,0.00016004981914370436,0.01220161621217368
72,0.9936620271619093,2.909996711703716e-06,0.0006751192371152621,0.0016412381454008957,0.004018705458862831,0.0,0.006337972838090693
73,0.9922419487665979,8.729990135111147e-06,0.0007245891812142253,0.002784866853100456,0.004222405228682092,1.7459980270222295e-05,0.007740591253131884
74,0.9962286442616319,0.0010621487997718563,0.0025753470898577883,5.52899375223706e-05,6.401992765748175e-05,1.4549983558518578e-05,0.003756805754809497
75,0.9922070288060575,3.78299572521483e-05,0.0007216791845025215,0.002057367675174527,0.0049702743835899465,5.819993423407432e-06,0.007787151200519144
76,0.9903620908908373,0.0028314268004877153,2.9099967117037157e-05,0.006663892469801509,0.00010766987833303749,5.819993423407432e-06,0.009632089115739298
77,0.9959667445575786,0.0024734972049481586,0.0012018286419336346,6.110993094577803e-05,0.00029099967117037157,5.819993423407432e-06,0.004027435448997942
78,0.9894105219661101,0.004091455376655425,2.3279973693629728e-05,0.006122633081424618,0.0003521096021161496,0.0,0.010589478033889823
79,0.9948376658334376,0.0013560584676539315,0.003349406215170977,0.0004219495231970388,2.9099967117037157e-05,5.819993423407432e-06,0.005156514173138985
80,0.9945844961195194,0.0003841195659448905,0.004615254784762093,4.073995396385202e-05,0.0003521096021161496,2.3279973693629728e-05,0.005392223906786985
81,0.9780819047674476,1.4549983558518578e-05,0.005191434133679429,0.0014870083196805988,0.015190182835093397,3.491996054044459e-05,0.021883175272011942
82,0.9947532759287983,1.4549983558518578e-05,0.00045395948702577966,0.0017576380138690443,0.0030147565933250496,5.819993423407432e-06,0.0052409040777783925
83,0.9960191244983894,0.0006809392305386695,0.0032155463664326057,2.618997040533344e-05,5.8199934234074314e-05,0.0,0.003980875501610684
84,0.9907549404469173,0.0010621487997718563,1.1639986846814864e-05,0.003163166425621939,0.005005194344130391,2.909996711703716e-06,0.009242149556371001
85,0.9986672215060397,0.0007187691877908178,0.00035792959553955706,0.00020951976324266752,4.6559947387259455e-05,0.0,0.0013327784939603017
86,0.9919480390987159,0.005706503551650987,0.0015946781980136363,5.819993423407432e-06,0.0007391391647727438,5.819993423407432e-06,0.008046140907860775
87,0.9956408249258678,0.003785905721926534,0.00015422982572029694,0.0003288296284225199,7.856991121600033e-05,1.1639986846814864e-05,0.004347535087285351
88,0.9947620059189333,0.0006983992108088918,2.036997698192601e-05,0.0032330063467028284,0.001248388589320894,3.78299572521483e-05,0.00520016412381454
89,0.9957019348568136,1.7459980270222295e-05,0.0015102882933742286,0.0006489292667099286,0.0019526077935531933,0.00016877980927881552,0.0041292853339075725
90,0.9855285863526975,5.819993423407432e-06,0.01004821864551293,0.0016441481421125995,0.00276449687611853,8.729990135111147e-06,0.014462683657167467
91,0.9968164635973962,0.0013356884906720054,0.0009981288721143745,6.401992765748175e-05,0.0007856991121600032,0.0,0.003183536402603865
92,0.9902398710289457,3.491996054044459e-05,0.004542504866969501,0.0016441481421125995,0.0035181860244497924,2.036997698192601e-05,0.009739758994072336
93,0.9890671423541292,4.073995396385202e-05,0.004914984446067576,0.0007042192042322992,0.005270004044895429,2.909996711703716e-06,0.010929947649159156
94,0.993193517691325,0.0015393882604912658,0.005057574284941058,7.274991779259289e-05,0.00013385984873837093,2.909996711703716e-06,0.0068035723119632885
95,0.9887703226895354,2.618997040533344e-05,0.00263936701751527,0.0020893776390032677,0.006466012693405657,8.729990135111147e-06,0.011220947320329529
96,0.9985450016441482,0.0008147990792770404,0.00036083959225126073,0.00024734972049481583,3.200996382874088e-05,0.0,0.001454998355851858
97,0.9918490992105179,0.002747036895848308,0.0051099542257517245,7.856991121600033e-05,0.00020951976324266752,5.819993423407432e-06,0.0081450807960587
98,0.9952479753697878,0.0003695695823863719,8.729990135111147e-06,0.003788815718638238,0.0004946994409896317,9.020989806281518e-05,0.004661814732149353
99,0.9947474559353748,0.003099146497964457,3.491996054044459e-05,0.00202826770805749,9.020989806281518e-05,0.0,0.005252544064625207
100,0.9962315542583436,0.0004161295297736314,0.003119516474946383,2.9099967117037157e-05,0.00018041979612563037,2.3279973693629728e-05,0.0037451657679626825
101,0.9945874061162311,0.004516314896564167,0.0003026396580171864,0.0005587193686471134,1.1639986846814864e-05,2.3279973693629728e-05,0.005389313910075282
102,0.9939559368297913,0.0021330275896788236,0.0035181860244497924,0.00033755961855763103,4.073995396385202e-05,1.4549983558518578e-05,0.006029513186650099
103,0.9933622975006038,0.0015626682341848953,0.0036113059192243112,1.1639986846814864e-05,0.0013327784939603019,0.00011930986517985234,0.006518392634216324
104,0.9923990885890299,0.0011930986517985234,0.005840363400389357,0.0005267094048183726,2.618997040533344e-05,1.4549983558518578e-05,0.007586361427411587
105,0.9957310348239307,0.0036200359093594226,0.00018041979612563037,0.0004568694837374834,5.819993423407432e-06,5.819993423407432e-06,0.004263145182645944
106,0.9964876339689737,0.0002531697139182233,0.002589897073416307,4.6559947387259455e-05,0.0006023693193226692,2.036997698192601e-05,0.0034919960540444593
107,0.9956757448864083,0.0033406762250358657,0.0005237994081066688,0.0003346496218459273,0.00011930986517985234,5.819993423407432e-06,0.0043184351201683135
108,0.9831220190721185,0.006541672607909953,1.1639986846814864e-05,0.0049499044066080205,0.005357303946246541,1.7459980270222295e-05,0.01686052094761133
109,0.9975992527128444,0.0009486589280154114,0.00026480970076503814,0.00016877980927881552,6.692992436918547e-05,0.000951568924727115,0.0014491783624284505
110,0.9916744994078157,0.0005645393620705209,0.007371021670745512,0.00010766987833303749,0.0002240697468011861,5.8199934234074314e-05,0.008267300657950257
111,0.9778170950666826,3.200996382874088e-05,0.005956763268857506,0.00497318438030165,0.007487421539213661,0.0037335257811158674,0.01844937915220156
112,0.9934961573493422,0.004670544722284464,0.001178548668240005,7.56599145042966e-05,0.0005150694179715577,6.401992765748175e-05,0.006439822723000322
113,0.986680945050532,4.946994409896317e-05,0.0011290787241410418,0.004568694837374833,0.007528161493177513,4.3649950675555735e-05,0.013275404998792352
114,0.9905803406442151,0.005392223906786986,5.8199934234074314e-05,0.002403657283867269,0.0015481182506263769,1.7459980270222295e-05,0.009402199375514704
115,0.9833577288057664,0.006835582275792029,0.004929534429626094,0.004554144853816315,7.274991779259289e-05,0.00025025971720651956,0.01639201147702703
116,0.9986235715553642,0.0007827891154482996,0.0001513198290085932,6.401992765748175e-05,0.0003695695823863719,8.729990135111147e-06,0.0013676984545007464
117,0.9795136231496059,0.004647264748590834,1.7459980270222295e-05,0.00504302430138254,0.010720427885916489,5.8199934234074314e-05,0.020428176916160085
118,0.9984053218019864,0.0007420491614844475,0.00063437928315141,4.946994409896317e-05,0.00016004981914370436,8.729990135111147e-06,0.001585948207878525
119,0.9913340297925464,2.3279973693629728e-05,0.0029507366656675678,0.0014811883262571912,0.0041991252549884615,1.1639986846814864e-05,0.00865433022060685
120,0.9918141792499775,0.00337559618557631,6.110993094577803e-05,0.004577424827509945,0.00017168980599051924,0.0,0.008185820750022554
121,0.9972122231501879,0.0007973390990068181,0.0018332979283733409,4.6559947387259455e-05,0.0001105798750447412,0.0,0.0027877768498121595
122,0.977950954915421,3.200996382874088e-05,0.004277695166204462,0.006012053206379877,0.01171564676131916,1.1639986846814864e-05,0.022037405097732242
123,0.9976981926010423,0.0017081680697700811,0.0001484098322968895,0.0003899395593682979,4.6559947387259455e-05,8.729990135111147e-06,0.002293077408822528
124,0.9925504084180384,0.0020893776390032677,0.001341508484095413,4.6559947387259455e-05,0.003948865537781942,2.3279973693629728e-05,0.007426311608267883
125,0.9856740861882826,0.0022697974351288982,0.00887257997398463,0.00311660647823468,4.3649950675555735e-05,2.3279973693629728e-05,0.014302633838023764
126,0.998379131831581,0.001137808714276153,0.00018041979612563037,0.000276449687611853,1.1639986846814864e-05,1.4549983558518578e-05,0.0016063181848604512
127,0.992044068990202,0.0006431092732865212,0.004705464682824908,6.110993094577803e-05,0.0025229671490471215,2.3279973693629728e-05,0.007932651036104328
128,0.9713510823732769,2.036997698192601e-05,0.007813341170924477,0.002464767214813047,0.013633334594331909,0.004717104669671723,0.02393181295705136
129,0.9946281460701949,1.7459980270222295e-05,0.0015481182506263769,0.0011901886550868197,0.002464767214813047,0.0001513198290085932,0.0052205341007964656
130,0.9922070288060575,0.0008002490957185218,3.491996054044459e-05,0.0054707938180029855,0.0014258983887348207,6.110993094577803e-05,0.007731861262996772
131,0.9918083592565541,0.004859694508545205,0.0005150694179715577,0.0027092069385961596,0.00010475988162133376,2.909996711703716e-06,0.008188730746734256
132,0.9807998416961788,0.00573269352205632,8.729990135111147e-06,0.009457489313037077,0.003992515488457498,8.729990135111147e-06,0.019191428313686004
133,0.9928617780661908,0.0011116187438708195,0.002496777178641788,0.0034046961526933476,8.438990463940776e-05,4.073995396385202e-05,0.007097481979845362
134,0.995236335382941,0.002511327162200307,0.001443358369005043,2.618997040533344e-05,0.0007013092075205955,8.147990792770404e-05,0.004682184709131279
135,0.9972646030909985,0.0004568694837374834,0.0015917682013019325,0.0,0.0006692992436918546,1.7459980270222295e-05,0.0027179369287312705
136,0.9933419275236219,0.0014870083196805988,0.0044639349557535,0.0005674493587822246,8.729990135111147e-05,5.237994081066688e-05,0.006605692535567435
137,0.9955477050310934,0.0022203274910299353,0.0014608183492752654,6.401992765748175e-05,0.0007042192042322992,2.909996711703716e-06,0.0044493849721949814
138,0.9849262170333748,3.491996054044459e-05,0.0028226968103526044,0.004530864880122686,0.007650381355069069,3.491996054044459e-05,0.015038863006084804
139,0.9880515535017446,0.002601537060263122,0.00910828970763263,0.0001309498520266672,7.274991779259289e-05,3.491996054044459e-05,0.011913526537715012
140,0.9967408036828919,0.0006634792502684472,0.002447307234542825,8.147990792770404e-05,6.401992765748175e-05,2.909996711703716e-06,0.0032562863203964582
141,0.9971307432422601,0.0020311777047691934,0.0001484098322968895,0.0002793596843235567,0.0004015795462151128,8.729990135111147e-06,0.0028605267676047523
142,0.9835265086150453,0.004213675238546981,2.3279973693629728e-05,0.005363123939669948,0.006847222262638843,2.618997040533344e-05,0.0164473014145494
143,0.9977593025319882,0.001114528740582523,0.0005150694179715577,0.00045104949031407593,0.00012512985860325978,3.491996054044459e-05,0.002205777507471417
144,0.9964061540610459,0.0002793596843235567,0.002552067116164159,3.200996382874088e-05,0.0007216791845025215,8.729990135111147e-06,0.003585115948818978
145,0.9843209377173404,0.0010010388688260782,0.014174593982708799,3.78299572521483e-05,0.0004335895100438536,3.200996382874088e-05,0.01564705231883088
146,0.9933331975334868,0.0014608183492752654,0.0022872574153991205,0.0028285168037760116,2.9099967117037157e-05,6.110993094577803e-05,0.006605692535567434
147,0.9945146561984385,0.0009195589608983742,0.004391185037960907,0.0001658698125671118,2.909996711703716e-06,5.819993423407432e-06,0.0054795238081380955
148,0.9987254214402738,0.0007013092075205955,0.0002793596843235567,0.00018914978626074152,9.311989477451891e-05,1.1639986846814864e-05,0.0012629385728794127
149,0.9805932319296479,0.011351897172356195,2.9099967117037157e-05,0.0029507366656675678,0.004967364386878243,0.00010766987833303749,0.019299098192019044
150,0.9918549192039413,0.00046850947058429824,2.3279973693629728e-05,0.007405941631285957,0.00023861973035970468,8.729990135111147e-06,0.008136350805923589
151,0.9902282310420989,2.036997698192601e-05,0.003573475961972163,0.0017023480763466738,0.0043300751070151295,0.00014549983558518578,0.009626269122315893
152,0.9949948056558696,0.0,0.0008962789872047444,0.0012542085827443015,0.002845976784046234,8.729990135111147e-06,0.00499646435399528
153,0.998507171686896,0.000768239131889781,0.0005237994081066688,0.00011348987175644491,7.56599145042966e-05,1.1639986846814864e-05,0.0014811883262571912
154,0.9895502018082719,0.0008060690891419293,2.9099967117037157e-05,0.00867761019430048,0.0009341089444568928,2.909996711703716e-06,0.01044688819501634
155,0.9916308494571401,0.005031384314535725,2.618997040533344e-05,0.0031689864190453465,0.00013676984545007463,5.819993423407432e-06,0.00836333054943648
156,0.9971394732323953,0.00028517967774696417,0.0018391179217967484,3.78299572521483e-05,0.0006896692206737806,8.729990135111147e-06,0.002851796777469642
157,0.9930043679050643,0.002182497533777787,6.110993094577803e-05,0.00426023518593424,0.00039575955279170534,9.602989148622262e-05,0.00689960220344951
158,0.994607776093213,0.0006023693193226692,2.3279973693629728e-05,0.0046501747453025375,0.00011348987175644491,2.909996711703716e-06,0.005389313910075281
159,0.9933622975006038,0.004827684544716464,0.001545208253914673,1.4549983558518578e-05,0.00021533975666607498,3.491996054044459e-05,0.006602782538855731
160,0.9893086720812005,0.0068326722790803245,0.0032621063138198654,2.909996711703716e-06,0.0005674493587822246,2.618997040533344e-05,0.010665137948394117
161,0.9951897754355538,0.0038208256824669787,0.00028517967774696417,0.0005849093390524469,9.311989477451891e-05,2.618997040533344e-05,0.00478403459404091
162,0.994322596415466,0.003509456034314681,0.001341508484095413,4.073995396385202e-05,0.0007798791187365958,5.819993423407432e-06,0.005671583591110542
163,0.9876208739884124,0.002080647648868157,2.9099967117037157e-05,0.006160463038676766,0.003529826011296607,0.0005790893456290395,0.011800036665958568
164,0.9901933110815585,0.0028605267676047527,2.909996711703716e-06,0.006660982473089805,0.0002444397237831121,3.78299572521483e-05,0.009768858961189375
165,0.9976690926339253,0.0008351690562589664,0.0010679687931952637,0.00011930986517985234,0.000256079710629927,5.237994081066688e-05,0.0022785274252640096
166,0.971674092008276,2.9099967117037157e-05,0.011264597271005084,0.00880274005290374,0.008212010720427886,1.7459980270222295e-05,0.028308448011453748
167,0.9952246953960942,0.0031282464650814945,0.0011494487011229678,0.00014258983887348209,0.0003491996054044459,5.819993423407432e-06,0.00476948461048239
168,0.969023085003914,0.010473078165421673,3.78299572521483e-05,0.015254202762750878,0.005194344130391133,1.7459980270222295e-05,0.03095945501581583
169,0.9974101029265837,0.0010999787570240046,0.00073622916806104,0.00021242975995437125,7.274991779259289e-05,0.00046850947058429824,0.002121387602832009
170,0.9979979222623478,0.000849719039817485,0.0009195589608983742,0.00012512985860325978,9.311989477451891e-05,1.4549983558518578e-05,0.001987527754093638
171,0.9859388958890476,1.7459980270222295e-05,0.0026480970076503815,0.0023018073989576394,0.00898315984902937,0.0001105798750447412,0.013950524235907613
172,0.9851677467604462,2.036997698192601e-05,0.006207022986064026,0.0014549983558518578,0.0071324019403858074,1.7459980270222295e-05,0.014814793259283617
173,0.9929054280168663,0.0062215729696225444,0.0006227392963045952,0.0001309498520266672,0.00010766987833303749,1.1639986846814864e-05,0.0070829319962868445
174,0.9804535520874862,0.010510908122673822,1.1639986846814864e-05,0.006009143209668173,0.0030060266031899383,8.729990135111147e-06,0.019537717922378746
175,0.9950268156196983,0.0023076273923810465,0.0020748276554447493,8.438990463940776e-05,0.0004888794475662242,1.7459980270222295e-05,0.004955724400031427
176,0.9973751829660432,0.0012047386386453383,0.0003928495560800016,0.0009224689576100779,9.020989806281518e-05,1.4549983558518578e-05,0.0026102670503982328
177,0.9862880954944521,0.004786944590752612,0.007461231568808327,7.56599145042966e-05,0.0013473284775188203,4.073995396385202e-05,0.013671164551584057
178,0.9928384980924971,0.001760548010580748,0.004140925320754388,0.0011203487340059306,6.692992436918547e-05,7.274991779259289e-05,0.007088751989710252
179,0.9883483731663383,0.004117645347060758,0.0022581574482820835,0.005072124268499577,0.00019205978297244525,1.1639986846814864e-05,0.011639986846814863
180,0.9782565045701498,0.005162334166562392,2.3279973693629728e-05,0.012265636139831162,0.004277695166204462,1.4549983558518578e-05,0.021728945446291646
181,0.9932808175926762,0.003532736008008311,0.002572437093146085,6.983992108088918e-05,0.0005296194015300763,1.4549983558518578e-05,0.006704632423765361
182,0.9846643173293215,0.012047386386453383,0.0026859269649025298,0.0004481394936023722,0.0001105798750447412,4.3649950675555735e-05,0.015292032720003026
183,0.9917326993420498,0.005604653666741357,0.0020690076620213417,0.0004015795462151128,0.0001833297928373341,8.729990135111147e-06,0.008258570667815145
184,0.9712259525146737,1.1639986846814864e-05,0.015792552154416065,0.004388275041249203,0.008561210325832331,2.036997698192601e-05,0.028753677508344413
185,0.9782710545537083,2.618997040533344e-05,0.009236329562947595,0.002813966820217493,0.009341089444568927,0.0003113696481522976,0.021417575798139347
186,0.9723841312059317,0.010193718481098117,0.009326539461010409,5.52899375223706e-05,0.00800249095718522,3.78299572521483e-05,0.027578038836816116
187,0.008907499934525075,0.002557887109587566,0.000317189641575705,1.7459980270222295e-05,0.9881679533702127,3.200996382874088e-05,0.9910604901016462
188,0.992192478822499,0.0028023268333706784,0.00016877980927881552,0.0041089153569256465,0.0007274991779259289,0.0,0.007807521177501069
189,0.9816059107853208,0.0062826829005683225,5.52899375223706e-05,0.0036811458403052002,0.008374970536283294,0.0,0.018394089214679187
190,0.9787191940473108,0.00010184988490963005,0.013694444525277686,0.005083764255346392,0.00235709733648001,4.3649950675555735e-05,0.021237156002013716
191,0.9682606658654476,0.00563084363714669,9.602989148622262e-05,0.020899596383456086,0.004967364386878243,0.00014549983558518578,0.03159383429896724
192,0.9810122714561332,0.009806688918441522,2.9099967117037157e-05,0.006090623117595877,0.003040946563730383,2.036997698192601e-05,0.01896735856688482
193,0.9917472493256083,0.004542504866969501,0.0013356884906720054,0.002188317527201194,0.00012221986189155605,6.401992765748175e-05,0.008188730746734256
194,0.9882348832945819,0.002403657283867269,0.008083970865112922,6.401992765748175e-05,0.0011930986517985234,2.036997698192601e-05,0.011744746728436197
195,0.9822577500487425,8.729990135111147e-05,0.008241110687544923,0.003285386287513495,0.006116813088001211,1.1639986846814864e-05,0.01773060996441074
196,0.9868409948696758,0.008866759980561223,0.0033028462677837174,0.0009020989806281519,7.56599145042966e-05,1.1639986846814864e-05,0.013147365143477389
197,0.9892388321601197,0.0014462683657167467,0.00286634676102816,0.00011639986846814863,0.00632051285782047,1.1639986846814864e-05,0.010749527853033526
198,0.9681762759608081,5.8199934234074314e-05,0.018525039066705856,0.005665763597687135,0.007565991450429661,8.729990135111147e-06,0.03181499404905672
199,0.9934816073657837,0.004795674580887724,0.0007740591253131884,0.0008409890496823739,0.00010184988490963005,5.819993423407432e-06,0.0065125726407929165
200,0.9951984914533147,0.0024938744390965014,0.0012920422998352937,0.00013095023309141492,0.0008759115591225752,8.730015539427661e-06,0.0047927785311457855
201,0.9892649908916837,0.004987748878193003,0.00010476018647313192,0.004938278790136246,0.00036957065783577094,0.0003346505956780603,0.010400358512638153
202,0.9950035211062676,0.002153403833058823,2.328004143847376e-05,0.0024123942940618434,0.0004074007251732908,0.0,0.004996478893732431
203,0.9878361783483974,0.007225542861466293,0.00013095023309141492,0.004574528142660094,0.0002182503884856915,1.4550025899046101e-05,0.012149271625703492
204,0.9874753377061011,4.074007251732908e-05,0.008223674638140856,0.0015714027970969789,0.002604454635929252,8.439015021446738e-05,0.012440272143684417
205,0.9894046711403146,0.0051128791009248,0.00020079035740683618,0.004804418551865022,0.000462690823589666,1.4550025899046101e-05,0.010580778833786322
206,0.9886684398298229,0.0067104719446400615,0.0035240162727489654,0.00011058019683275036,0.000977761740415898,8.730015539427661e-06,0.011322830154637675
207,0.976647208432031,0.0001018501812933227,0.011479970434347373,0.004132207355329092,0.007624213571100156,1.4550025899046101e-05,0.023338241542069947
208,0.9870912170223664,0.0070102024781604115,4.074007251732908e-05,0.00492663876941701,0.0009166516316399043,1.4550025899046101e-05,0.012894232951734655
209,0.9965894739292636,0.002208693931475198,0.0009952217714947532,9.021016057408583e-05,0.0001018501812933227,1.4550025899046101e-05,0.0033959760448373597
210,0.9890583805239174,0.004114747324250237,1.7460031078855322e-05,0.00600625069112623,0.0007973414192677262,5.82001035961844e-06,0.010935799465723048
211,0.9981899767781587,0.0012076521496208264,0.00034047060603767875,0.00020079035740683618,3.201005697790142e-05,2.9100051798092202e-05,0.0017809231700432427
212,0.9930305375943569,0.0035385662986480116,0.0017925631907624797,1.7460031078855322e-05,0.0015975928437152618,2.328004143847376e-05,0.006946182364204609
213,0.9821267481856117,0.011686580802113827,0.006017890711845467,8.730015539427661e-06,0.00013677024345103335,2.328004143847376e-05,0.01784997177294976
214,0.9921808160818526,0.0015364827349392681,0.0014695526158036562,0.0016208728851537357,0.0,0.0031922756822507143,0.00462690823589666
215,0.9946368604536117,0.0035123762520297285,0.0015539427660181235,3.201005697790142e-05,0.00025317045064340214,1.164002071923688e-05,0.005351499525669156
216,0.9741038639048778,0.010385808486739107,1.164002071923688e-05,0.014395795624516212,0.0010796119217092207,2.328004143847376e-05,0.025872856053683776
217,0.9915813550148119,0.001137812025305405,0.0051768992148806025,0.0015364827349392681,5.82001035961844e-06,0.0005616309997031794,0.007857013985484893
218,0.9926813369727798,0.002877995122831319,0.00373062664051542,0.00048015085466852133,0.0,0.0002298904092049284,0.00708877261801526
219,0.9911506742482001,5.82001035961844e-06,0.0015655827867373604,0.001388072470768998,0.005875300458034815,1.4550025899046101e-05,0.008834775725900792
220,0.9909935339684904,0.0017139930509076306,0.00697819242118251,8.730015539427661e-06,0.00028227050244149433,2.328004143847376e-05,0.008983185990071063
221,0.9846118926091688,0.01081939925853068,0.004222417515903179,0.0003375606008578695,8.730015539427661e-06,0.0,0.015388107390831155
222,0.9966505840380396,0.0009835817507755163,0.0012134721599804449,0.0011319920149457866,0.0,2.037003625866454e-05,0.003329045925701748
223,0.9916453751287677,0.002115573765721303,0.004871348671000635,0.0,0.0013269623619930043,4.074007251732908e-05,0.008313884798714942
224,0.9855954743599443,0.0112675400562213,0.002581174594490778,0.0005470809738041334,2.91000517980922e-06,5.82001035961844e-06,0.01439870562969602
225,0.9929403274337828,0.002831435039954371,0.0038382968321683613,5.82001035961844e-06,0.0003783006733751986,5.82001035961844e-06,0.0070538525558575494
226,0.9902893127149767,0.0,0.002141763812339586,0.003873216894326072,0.003689886567998091,5.82001035961844e-06,0.009704867274663749
227,0.9935106884490255,0.0013065923257343398,0.0049964788937324305,2.91000517980922e-06,0.00016878030042893476,1.4550025899046101e-05,0.006474761525075513
228,0.9908538537198596,5.82001035961844e-06,0.005045948981789188,0.001059241885450556,0.003014765366282352,2.037003625866454e-05,0.009125776243881716
229,0.9862502255254014,0.0,0.004472677961366771,0.00036375064747615253,0.008910435860575832,2.91000517980922e-06,0.013746864469418757
230,0.9964236036340145,5.82001035961844e-06,0.000939931673078378,0.00039576070445405395,0.001996263553349125,0.00023862042474435605,0.0033377759412411756
231,0.9809976661758458,0.015696567939890934,2.91000517980922e-06,0.0028343450451341805,0.0004394107821511922,2.9100051798092202e-05,0.018973233772356116
232,0.9951897614377754,0.000436500776971383,0.004172947427846421,2.037003625866454e-05,0.00018042032114817165,0.0,0.0048102385622246415
233,0.990862583735399,0.0017489131130653413,0.00686761222434976,0.0005179809220060412,2.91000517980922e-06,0.0,0.009137416264600951
234,0.9935426985060033,0.002974025293765023,0.0028896351435505553,8.730015539427661e-06,0.0005849110411416533,0.0,0.006457301493996659
235,0.9971481949237869,0.0011261720045861682,0.0014695526158036562,0.00023862042474435605,5.82001035961844e-06,1.164002071923688e-05,0.0028401650554937988
236,0.9867187363593507,0.0011174419890467406,0.01070881906169793,8.730015539427661e-06,0.0014317225484661363,1.4550025899046101e-05,0.013266713614750235
237,0.9952479615413715,0.0004481407976906199,1.7460031078855322e-05,0.0029420152367871217,0.0013444223930718596,0.0,0.0047520384586284565
238,0.9956961023390621,0.0011349020201255958,1.164002071923688e-05,0.0019293334342135129,0.0010883419372486483,0.00013968024863084258,0.004164217412306994
239,0.990513383113822,2.91000517980922e-06,0.002191233900396343,0.0010068617922139901,0.006279791178028297,5.82001035961844e-06,0.009480796875818438
240,0.9900070422125351,1.164002071923688e-05,0.004155487396767566,0.0011814621030025434,0.004562888121940857,8.148014503465816e-05,0.009911477642430203
241,0.9956815523131631,0.001190192118541971,0.0019788035222702695,5.82001035961844e-06,0.0011436320356650236,0.0,0.004318447686836882
242,0.9745636447232876,0.011634200708877262,0.012446092154044033,0.0013386023827122412,1.7460031078855322e-05,0.0,0.02543635527671239
243,0.9926842469779597,0.003262115806566136,0.0037626366974933215,0.0002444404351039745,0.0,4.656008287694752e-05,0.007269192939163433
244,0.9912845344864714,0.0011931021237217801,8.730015539427661e-06,0.006925812327945944,0.0005790910307820348,8.730015539427661e-06,0.008706735497989187
245,0.9974315966034175,0.0012114011485014735,0.0010745361148967398,2.9120219915900805e-06,0.0002649940012346973,1.4560109957950402e-05,0.0025538432866245007
246,0.9929936750882342,1.4560109957950402e-05,0.001048327916972429,0.0020384153941130564,0.0038788132927979873,2.6208197924310724e-05,0.006980116713841423
247,0.998785686829507,0.0009085508613761051,0.00023587378131879652,6.406448381498177e-05,5.824043983180161e-06,0.0,0.0012143131704930635
248,0.9933402057052335,0.0038962854247475277,0.0022597290654739026,0.0004047710568310212,3.494426389908096e-05,6.406448381498177e-05,0.006595729810951532
249,0.9844439785209258,5.824043983180161e-06,0.0013133219182071263,0.0006289967501834574,0.013599142700725675,8.73606597477024e-06,0.01554728541309944
250,0.9816309652770497,0.0,0.009641704814154757,0.0007745978497629614,0.007783834783520285,0.00016889727551222468,0.018200137447438
251,0.9970355616125613,0.0015055153696520716,0.0007367415638722904,0.0006668530360741284,5.824043983180161e-06,4.950437385703137e-05,0.00291493401358167
252,0.9958998730358412,0.0014385388638454997,0.0017239170190213276,1.747213194954048e-05,0.0008852546854433845,3.494426389908096e-05,0.004065182700259752
253,0.9782151634809146,2.3296175932720644e-05,0.010046475870985777,0.005733771301440868,0.005955084972801714,2.6208197924310724e-05,0.02175862832116108
254,0.9959377293217319,0.002425714318994537,0.0013249700061734866,0.0002853781551758279,2.0384153941130564e-05,5.824043983180161e-06,0.004056446634284982
255,0.9940332669392319,1.1648087966360322e-05,0.0005387240684441649,0.0021490722297934795,0.0032381684546481694,2.9120219915900803e-05,0.0059376128408521744
256,0.9924462149538154,5.824043983180161e-06,0.00036691477094035016,0.00012812896762996355,0.0070412691756648145,1.1648087966360322e-05,0.007542136958218308
257,0.9948748412948014,0.0,0.0008532224435358936,0.0007192694319227499,0.003552666829739898,0.0,0.005125158705198541
258,0.9850584151611513,0.0,0.001983086976272845,0.004446657581158053,0.007882843531234349,0.0006289967501834574,0.014312588088665246
259,0.9981275698594075,0.00038147488089830057,0.0006930612339984391,3.7856285890671046e-05,0.000760037739805011,0.0,0.0018724301405924218
260,0.9944205658641134,0.0011036563348126405,0.004091390898184063,2.9120219915900805e-06,0.00020092951741971555,0.00018054536347858499,0.005398888772408008
261,0.9865115141349547,2.0384153941130564e-05,0.002428626340986127,0.001592876029399774,0.009440775296735041,5.824043983180161e-06,0.013482661821062072
262,0.9938294253998207,0.00468544338446844,0.001188104972568753,0.0002271377153440263,5.532841784021153e-05,1.4560109957950402e-05,0.00615601449022143
263,0.9878277480751535,0.0036807957973698617,8.73606597477024e-06,0.0023267055712804744,0.00614145438026348,1.4560109957950402e-05,0.012157691814888585
264,0.9906640574949622,0.0024373624069608975,0.0,0.003872989248814807,0.0030168547832873233,8.73606597477024e-06,0.009327206439063028
