,.,A,T,C,G,-,Mutation_Frequency
0,0.9976407569727805,0.001292965929508169,0.00029805383439961044,0.0004281900156163417,0.00034003324769533023,0.0,0.0023592430272194515
1,0.9959405907343039,0.000188907359830739,0.002665692744278206,2.9385589307003844e-05,0.001175423572280154,0.0,0.004059409265696102
2,0.9989085352543113,0.0002098970664785989,8.395882659143956e-06,0.0005961076687992209,0.0002770641277517505,0.0,0.0010914647456887142
3,0.9993283293872685,7.55629439322956e-05,1.6791765318287912e-05,0.0005625241381626451,1.6791765318287912e-05,0.0,0.0006716706127315165
4,0.9993787046832233,3.77814719661478e-05,4.197941329571978e-06,0.000554128255503501,1.2593823988715934e-05,1.2593823988715934e-05,0.0006087014927879367
5,0.9985768978892751,8.815676792101153e-05,0.0005037529595486374,0.000755629439322956,2.9385589307003844e-05,4.617735462529176e-05,0.0013769247560996088
6,0.9987993887797424,0.0002686682450926066,0.0007388376740046682,0.0,9.235470925058352e-05,0.00010075059190972747,0.0010998606283478584
7,0.9990596611421759,0.0003442311890249022,0.00043238795694591374,0.0,4.197941329571978e-05,0.00012174029855758735,0.0008185985592665357
8,0.9981319161083405,0.0011040585696774302,0.00046597148758248955,0.0001511258878645912,1.2593823988715934e-05,0.0001343341225463033,0.001733749769113227
9,0.9993661108592347,9.65526505801555e-05,0.0,0.00039880442630933793,2.5187647977431868e-05,0.0001133444158984434,0.0005205447248669253
10,0.99941228821386,4.617735462529176e-05,0.00038201266099104997,0.0,2.098970664785989e-05,0.00013853206387587526,0.0004491797222642016
11,0.998509730828002,0.0004030023676389099,0.0008018067939482478,4.197941329571978e-05,2.5187647977431868e-05,0.00021829294913774285,0.0012719762228603094
12,0.9974728393195976,2.5187647977431868e-05,0.00020150118381945495,0.0020066159555354054,0.00011754235722801538,0.00017631353584202306,0.0023508471445603074
13,0.9992149849713701,5.0375295954863736e-05,8.395882659143956e-06,0.0004617735462529176,6.296911994357967e-05,0.00020150118381945495,0.000583513844810505
14,0.9987867949557537,0.00035682501301361814,0.0006926603193793764,2.098970664785989e-05,2.098970664785989e-05,0.00012174029855758735,0.0010914647456887142
15,0.9990008899635618,7.136500260272362e-05,0.000751431497993384,1.6791765318287912e-05,3.77814719661478e-05,0.00012174029855758735,0.0008773697378805434
16,0.9982746461135459,0.0005163467835373533,0.0008899635618692594,0.00018051147717159505,2.098970664785989e-05,0.00011754235722801538,0.0016078115292260677
17,0.9993661108592347,0.00010914647456887143,0.00030644971705875437,8.395882659143956e-06,7.136500260272362e-05,0.00013853206387587526,0.0004953570768894933
18,0.9993241314459389,0.00014692794653501924,0.000386210602320622,0.0,0.00014273000520544725,0.0,0.0006758685540610885
19,0.9993871005658825,0.00010914647456887143,0.00042399207428676976,4.197941329571978e-06,7.136500260272362e-05,4.197941329571978e-06,0.0006087014927879368
20,0.9931363659261498,0.0,0.000575117962151361,0.0018512921263412422,0.0041979413295719775,0.00023928265578560275,0.006624351418064581
21,0.9972755360771078,0.0002308867731264588,4.197941329571978e-06,0.0023466492032307358,5.457323728443571e-05,8.815676792101153e-05,0.002636307154971202
22,0.9965199066377848,0.0004281900156163417,0.0,0.0029679445200073884,7.976088526186758e-05,4.197941329571978e-06,0.0034758954208855978
23,0.9986062834785822,0.0008102026766073917,0.00048276325290077745,9.65526505801555e-05,0.0,4.197941329571978e-06,0.0013895185800883248
24,0.996007757795577,0.0006590767887428005,0.0,0.003215623058452135,0.00011754235722801538,0.0,0.003992242204422951
25,0.9980101758097829,0.00019730324248988296,0.0016665827078400752,0.0,0.00010075059190972747,2.5187647977431868e-05,0.0019646365422396855
26,0.9960707269155207,0.002111564488774705,0.0014734774066797642,0.00031484559971789835,8.395882659143956e-06,2.098970664785989e-05,0.003908283377831511
27,0.9980899366950448,0.0004449817809346297,0.0012383926922237335,2.9385589307003844e-05,0.00017631353584202306,2.098970664785989e-05,0.0018890735983073902
28,0.9926368109079308,1.2593823988715934e-05,0.0010662770977112824,0.0021787315500478564,0.004092992796332679,1.2593823988715934e-05,0.007350595268080533
29,0.9942614142024752,0.00044917972226420164,0.0037067821940120565,4.617735462529176e-05,0.001536446526623344,0.0,0.005738585797524893
30,0.9901852131714607,4.197941329571978e-06,0.0006338891407653687,0.004483401339982872,0.0046932984064614715,0.0,0.009814786828539285
31,0.9968389501788323,0.00021409500780817086,3.3583530636575824e-05,0.0027160680402330698,0.000188907359830739,8.395882659143956e-06,0.003152653938508555
32,0.998400584353433,0.0007136500260272363,0.0006758685540610884,0.00014273000520544725,4.617735462529176e-05,2.098970664785989e-05,0.0015784259399190636
33,0.9907393414269642,3.77814719661478e-05,0.0030099239333031083,0.0019352509529326819,0.004038419559048243,0.00023928265578560275,0.00902137591725018
34,0.9879728980907763,0.0,0.0007808170873003879,0.004365858982754857,0.006880425839168472,0.0,0.012027101909223716
35,0.9891147381324199,1.2593823988715934e-05,0.0010159018017564187,0.002842006280120229,0.007014759961714775,0.0,0.01088526186758014
36,0.9911549376185919,2.098970664785989e-05,0.0004869611942303494,0.0029721424613369605,0.005364969019192988,0.0,0.008845062381408158
37,0.9970908266586066,0.0007430356153342401,0.0009235470925058352,2.5187647977431868e-05,0.0012132050442463017,4.197941329571978e-06,0.002904975400063809
38,0.9946686145114436,0.0030812889359058317,2.9385589307003844e-05,0.0020779809581381293,0.00014273000520544725,0.0,0.005331385488556412
39,0.9931741473981159,1.2593823988715934e-05,0.0023802327338673115,0.0012216009269054456,0.003211425117122563,0.0,0.006825852601884036
40,0.9956467348412339,0.0016204053532147835,4.197941329571978e-06,0.0025481503870501904,0.00018051147717159505,0.0,0.004353265158766141
41,0.9986734505398552,0.0003190435410474703,0.0009319429751649791,1.2593823988715934e-05,4.617735462529176e-05,1.6791765318287912e-05,0.0013097576948264572
42,0.9911507396772623,1.2593823988715934e-05,0.003929273084479371,0.0018848756569778181,0.002842006280120229,0.00018051147717159505,0.008668748845566133
43,0.9890265813644988,4.197941329571978e-06,0.0026153174483233422,0.0013727268147700367,0.006955988783100767,2.5187647977431868e-05,0.010948230987523719
44,0.9974350578476315,0.00035682501301361814,1.6791765318287912e-05,0.0015532382919416319,0.0006003056101287928,3.77814719661478e-05,0.002527160680402331
45,0.9944713112689537,0.0008227965005961076,0.000566722079492217,0.0001511258878645912,4.197941329571978e-06,0.003983846321763807,0.001544842409282488
46,0.9936695044750055,0.0010033079777677027,0.0052096451899988246,0.0001133444158984434,4.197941329571978e-06,0.0,0.006330495524994543
47,0.9981025305190334,0.0010620791563817104,0.0004281900156163417,0.0003442311890249022,0.0,6.296911994357967e-05,0.0018345003610229543
48,0.9958356422010646,0.0001679176531828791,0.0029301630480412406,2.5187647977431868e-05,0.0010200997430859905,2.098970664785989e-05,0.004143368092287542
49,0.9976323610901214,0.00024767853844474667,3.77814719661478e-05,0.0019184591876143938,0.0001133444158984434,5.0375295954863736e-05,0.0023172636139237317
50,0.9909702282000907,0.0,0.0035598542474770374,0.000952932681812839,0.0041055866203213946,0.0004113982502980538,0.008618373549611272
51,0.9892868537269323,4.197941329571978e-06,0.006099608751868084,0.0011712256309505818,0.003391936594294158,4.617735462529176e-05,0.010666968918442394
52,0.9985726999479455,0.0003274394237066143,0.0009067553271875472,1.6791765318287912e-05,0.00014273000520544725,3.3583530636575824e-05,0.0013937165214178966
53,0.9948491259886152,0.0004030023676389099,2.5187647977431868e-05,0.004630329286517892,7.136500260272362e-05,2.098970664785989e-05,0.005129884304736957
54,0.9952983057108794,8.395882659143956e-06,0.0018261044783638104,0.0006926603193793764,0.0021661377260591406,8.395882659143956e-06,0.004693298406461471
55,0.9964149581045455,0.0004533776635937736,0.0021199603714338487,1.6791765318287912e-05,0.0009907141537789867,4.197941329571978e-06,0.003580843954124897
56,0.9967172098802747,0.0012551844575420213,0.0016539888838513592,0.00027286618642217856,0.00010075059190972747,0.0,0.003282790119725287
57,0.987024163350293,0.0035388645408291775,2.5187647977431868e-05,0.007770389401037731,0.0016204053532147835,2.098970664785989e-05,0.012954846943059125
58,0.9942026430238611,0.0018764797743186742,2.098970664785989e-05,0.002913371282722953,0.0009865162124494148,0.0,0.0057973569761389015
59,0.9926284150252717,0.005604251674978591,0.0015826238812486357,1.6791765318287912e-05,0.0001301361812167313,3.77814719661478e-05,0.007333803502762246
60,0.9960035598542475,0.003454905714237738,0.00021409500780817086,0.00028126206908132254,3.77814719661478e-05,8.395882659143956e-06,0.003988044263093379
61,0.9919567444125401,0.0010452873910634225,1.6791765318287912e-05,0.005188655483350965,0.0017631353584202307,2.9385589307003844e-05,0.008013869998152906
62,0.996557688109751,0.001133444158984434,0.0018596880090003861,0.00010914647456887143,5.457323728443571e-05,0.0002854600104108945,0.0031568518798381273
63,0.9954032542441187,0.003261800413077427,0.0008521820899031115,0.0004365858982754857,2.9385589307003844e-05,1.6791765318287912e-05,0.004579953990563029
64,0.9942866018504526,0.0031316642318606957,0.0017505415344315149,2.9385589307003844e-05,0.000759827380652528,4.197941329571978e-05,0.005671418736251743
65,0.9982620522895572,0.0010662770977112824,0.00028126206908132254,0.0003526270716840461,2.5187647977431868e-05,1.2593823988715934e-05,0.0017253538864540829
66,0.9882709519251759,0.003047705405269256,1.6791765318287912e-05,0.006427048175574698,0.0022039191980252884,3.3583530636575824e-05,0.011695464544187531
67,0.9970152637146743,0.0012383926922237335,0.0008815676792101153,0.00021409500780817086,8.395882659143955e-05,0.000566722079492217,0.0024180142058334592
68,0.998832972310379,0.0006422850234245126,0.00020150118381945495,6.296911994357967e-05,0.0002434805971151747,1.6791765318287912e-05,0.001150235924302722
69,0.9876832401390359,0.001511258878645912,8.395882659143956e-06,0.004080398972343962,0.0066075596527462935,0.00010914647456887143,0.01220761338639531
70,0.9975064228502343,0.0016917703558175072,0.0005205447248669252,0.0001553238291941632,7.976088526186758e-05,4.617735462529176e-05,0.0024473997951404633
71,0.9923051735428946,4.197941329571978e-06,0.0015406444679529159,0.0010914647456887142,0.00484022635299649,0.00021829294913774285,0.007476533507967693
72,0.9919987238258358,0.0,0.00188907359830739,0.001729551827783655,0.004382650748073145,0.0,0.00800127617416419
73,0.986524608332074,8.395882659143956e-06,0.003967054556445519,0.002896579517404665,0.006582372004768861,2.098970664785989e-05,0.01345440196127819
74,0.9976449549141101,0.0012425906335533055,0.0009109532685171192,7.55629439322956e-05,9.65526505801555e-05,2.9385589307003844e-05,0.002325659496582876
75,0.9938626097761658,2.098970664785989e-05,0.0006716706127315164,0.002434805971151747,0.003001528050643964,8.395882659143956e-06,0.006128994341175087
76,0.9944545195036354,0.002266888317968868,4.617735462529176e-05,0.0031484559971789836,7.976088526186758e-05,4.197941329571978e-06,0.005541282555035011
77,0.9960749248568502,0.0023970244991855993,0.0013895185800883248,4.197941329571978e-05,9.235470925058352e-05,4.197941329571978e-06,0.003920877201820228
78,0.9888964451832821,0.0023970244991855993,2.098970664785989e-05,0.00834130942185952,0.0003442311890249022,0.0,0.01110355481671788
79,0.997489631084916,0.001511258878645912,0.00044917972226420164,0.0005037529595486374,4.197941329571978e-05,4.197941329571978e-06,0.0025061709737544706
80,0.9931531576914681,0.0035304686581700334,0.002858798045438517,5.0375295954863736e-05,0.00039880442630933793,8.395882659143956e-06,0.006838446425872753
81,0.9929558544489783,3.77814719661478e-05,0.002090574782126845,0.0015490403506120598,0.0033373633570097224,2.9385589307003844e-05,0.007014759961714775
82,0.9885060366396319,1.2593823988715934e-05,0.003803334844592212,0.002854600104108945,0.004823434587678203,0.0,0.011493963360368075
83,0.9969145131227646,0.0009823182711198428,0.0019814283075579734,5.0375295954863736e-05,7.136500260272362e-05,0.0,0.0030854868772354034
84,0.9918559938206304,0.003832720433899216,1.6791765318287912e-05,0.002783235101506221,0.001498665054657196,1.2593823988715934e-05,0.00813141235538092
85,0.9984131781774218,0.0008018067939482478,0.0004617735462529176,0.00025607442110389065,6.296911994357967e-05,4.197941329571978e-06,0.001582623881248636
86,0.9935813477070844,0.003929273084479371,0.0015826238812486357,2.098970664785989e-05,0.0008857656205396873,0.0,0.006418652292915554
87,0.9982452605242389,0.001141840041643578,0.00021829294913774285,0.0003274394237066143,6.716706127315165e-05,0.0,0.001754739475761087
88,0.9933462629926284,0.0007850150286299599,1.6791765318287912e-05,0.004101388678991822,0.0017253538864540829,2.5187647977431868e-05,0.0066285493593941525
89,0.9969648884187194,4.197941329571978e-05,0.00044917972226420164,0.0006842644367202324,0.0016455930011922153,0.00021409500780817086,0.0028210165734723694
90,0.9932581062247074,1.2593823988715934e-05,0.0023382533205715916,0.0015616341746007758,0.002808422749483653,2.098970664785989e-05,0.006720904068644737
91,0.9961127063288163,0.001716958003794939,0.002048595368831125,5.877117861400769e-05,5.877117861400769e-05,4.197941329571978e-06,0.0038830957298540796
92,0.992359746780179,2.5187647977431868e-05,0.0007934109112891038,0.0017463435931019428,0.005066915184793378,8.395882659143956e-06,0.007631857337161856
93,0.9919567444125401,3.77814719661478e-05,0.002132554195422565,0.003060299229257972,0.0028126206908132253,0.0,0.00804325558745991
94,0.9949540745218545,0.0035724480714657532,0.0012887679881785972,3.77814719661478e-05,0.00014273000520544725,4.197941329571978e-06,0.005041727536815945
95,0.9832921935083035,2.098970664785989e-05,0.0043280775107887096,0.002216513022014004,0.010142226252245898,0.0,0.016707806491696474
96,0.996616459288365,0.0009739223884606988,0.002094772723456417,0.00025607442110389065,5.0375295954863736e-05,8.395882659143956e-06,0.00337514482897587
97,0.996322603395295,0.0002686682450926066,0.0030812889359058317,6.296911994357967e-05,0.00026447030376303463,0.0,0.003677396604705053
98,0.9898409819824359,0.0012845700468490252,5.0375295954863736e-05,0.008181787651335785,0.000566722079492217,7.55629439322956e-05,0.01008345507363189
99,0.9834727049854751,0.0038705019058653638,3.3583530636575824e-05,0.009986902423051735,0.00263210921364163,4.197941329571978e-06,0.016523097073195304
100,0.9918559938206304,0.0023382533205715916,0.005520292848387151,3.77814719661478e-05,0.000188907359830739,5.877117861400769e-05,0.008085235000755628
101,0.994194247141202,0.004697496347791043,0.00037361677833190604,0.0006800664953906605,1.2593823988715934e-05,4.197941329571978e-05,0.005763773445502326
102,0.9967633872349,0.0014482897587023325,0.0013937165214178966,0.00034842913035447416,2.9385589307003844e-05,1.6791765318287912e-05,0.003219820999781707
103,0.9927459573824996,0.00039040854365019395,0.0057469816801840375,2.5187647977431868e-05,0.000957130623142411,0.0001343341225463033,0.007119708494954075
104,0.9931279700434906,0.0019436468355918258,0.004281900156163417,0.0006128994341175087,2.9385589307003844e-05,4.197941329571978e-06,0.006867832015179756
105,0.9986398670092187,0.0007262438500159522,0.000188907359830739,0.0004365858982754857,4.197941329571978e-06,4.197941329571978e-06,0.0013559350494517489
106,0.9926452067905899,0.00041559619162762583,0.006170973754470808,5.0375295954863736e-05,0.0006758685540610884,4.197941329571978e-05,0.007312813796114386
107,0.9960707269155207,0.0011124544523365741,0.0023382533205715916,0.00032324148237704227,0.0001343341225463033,2.098970664785989e-05,0.003908283377831511
108,0.9857605830100918,0.0012971638708377412,1.2593823988715934e-05,0.0072456467348412336,0.005679814618910886,4.197941329571978e-06,0.014235219048578577
109,0.9949792621698319,0.0009655265058015549,0.0030141218746326803,0.0001721155945124511,0.00011754235722801538,0.000751431497993384,0.004269306332174701
110,0.9987322217184693,0.0006674726714019445,0.00012593823988715934,0.00010914647456887143,0.00030644971705875437,5.877117861400769e-05,0.0012090071029167296
111,0.9835734555773848,2.9385589307003844e-05,0.003782345137944352,0.004651318993165752,0.007841754403640456,0.00012174029855758735,0.016304804124057562
112,0.9962806239819992,0.0012132050442463017,0.0018848756569778181,7.136500260272362e-05,0.0005373364901852132,1.2593823988715934e-05,0.003706782194012057
113,0.985298809463839,2.9385589307003844e-05,0.003807532785921784,0.005621043440296878,0.005218041072657969,2.5187647977431868e-05,0.014676002888183635
114,0.9957013080785183,0.0008773697378805434,8.815676792101153e-05,0.002648900978959918,0.0006800664953906605,4.197941329571978e-06,0.004294493980152134
115,0.9926326129666012,0.0029679445200073884,0.003912481319161084,0.000188907359830739,0.0001133444158984434,0.00018470941850116704,0.007182677614897655
116,0.9962470404513627,0.0016413950598626434,0.00014273000520544725,0.0015658321159303479,0.000386210602320622,1.6791765318287912e-05,0.00373616778331906
117,0.9788591674642755,0.00634728729031283,2.5187647977431868e-05,0.004991352240861082,0.009693046529981698,8.395882659143955e-05,0.02105687370913304
118,0.9966290531123537,0.001154433865632294,0.0019688344835692576,6.296911994357967e-05,0.00015952177052373515,2.5187647977431868e-05,0.0033457592396688666
119,0.9882919416318238,4.197941329571978e-06,0.00269507833358521,0.0015910197639077796,0.007409366446694541,8.395882659143956e-06,0.011699662485517102
120,0.9938584118348361,0.0032072271757929913,5.457323728443571e-05,0.002665692744278206,0.00021409500780817086,0.0,0.0061415881651638035
121,0.9966710325256494,0.0014482897587023325,0.0017379477104427989,5.877117861400769e-05,8.395882659143955e-05,0.0,0.0033289674743505787
122,0.9872130707101238,3.77814719661478e-05,0.0022291068460027204,0.003085486877235404,0.007421960270683257,1.2593823988715934e-05,0.01277433546588753
123,0.9945048947995903,0.004626131345188319,0.00042399207428676976,0.0004030023676389099,3.77814719661478e-05,4.197941329571978e-06,0.005490907259080148
124,0.9882163786878915,0.0036228233674206168,0.007426158212012829,6.296911994357967e-05,0.0006338891407653687,3.77814719661478e-05,0.011745839840142392
125,0.9821965308212852,0.0035388645408291775,0.0074387520360015445,0.00267408862693735,2.5187647977431868e-05,0.0041265763269692545,0.013676892851745504
126,0.9954830151293805,0.003824324551240072,0.00012174029855758735,0.0003106476583883264,1.2593823988715934e-05,0.00024767853844474667,0.004269306332174701
127,0.991251490269172,0.0015952177052373517,0.006469027588870418,7.136500260272362e-05,0.0004785653115712055,0.0001343341225463033,0.0086141756082817
128,0.9769197185700133,3.77814719661478e-05,0.011363827179151345,0.0035472604234883212,0.007866942051617887,0.00026447030376303463,0.0228158111262237
129,0.9921666414790187,8.395882659143956e-06,0.004374254865414001,0.0013097576948264572,0.002128356254092993,1.2593823988715934e-05,0.007820764696992595
130,0.9913018655651269,0.002279482141957584,6.296911994357967e-05,0.0026195153896529143,0.0036941883700233407,4.197941329571978e-05,0.008656155021577419
131,0.9935435662351183,0.0019688344835692576,0.000587711786140077,0.003765553372626064,0.0001343341225463033,0.0,0.006456433764881702
132,0.986965392171679,0.00488220576629221,2.9385589307003844e-05,0.003958658673786375,0.0041559619162762585,8.395882659143956e-06,0.013026211945661847
133,0.9906092052457475,0.00188907359830739,0.004013231911070811,0.0033163736503618625,0.00010914647456887143,6.296911994357967e-05,0.009327825634308935
134,0.9911423437946031,0.0027454536295400734,0.00379913690326264,2.098970664785989e-05,0.0009823182711198428,0.0013097576948264572,0.007547898510570416
135,0.9909744261414203,0.0031610498211676994,0.005062717243463805,8.395882659143956e-06,0.0007220459086863802,7.136500260272362e-05,0.008954208855977029
136,0.9883381189864491,0.0023634409685490236,0.008454653837757963,0.0007304417913455241,6.716706127315165e-05,4.617735462529176e-05,0.011615703658925662
137,0.9952689201215724,0.0009697244471311269,0.0012593823988715934,3.77814719661478e-05,0.002459993619129179,4.197941329571978e-06,0.004726881937098047
138,0.9861425956710829,3.77814719661478e-05,0.0017421456517723707,0.0041559619162762585,0.007900525582254462,2.098970664785989e-05,0.013836414622269238
139,0.9897318355078669,0.002325659496582876,0.007694826457105435,0.00010494853323929945,9.235470925058352e-05,5.0375295954863736e-05,0.010217789196178193
140,0.9960035598542475,0.0036857924873641965,0.00017631353584202306,9.235470925058352e-05,4.197941329571978e-05,0.0,0.003996440145752523
141,0.99842996994274,0.0007220459086863802,0.00019730324248988296,0.0002434805971151747,0.0004030023676389099,4.197941329571978e-06,0.0015658321159303479
142,0.9827800446660957,0.0035472604234883212,3.3583530636575824e-05,0.006737695833963025,0.006880425839168472,2.098970664785989e-05,0.017198965627256393
143,0.9947399795140464,0.003971252497775091,0.0006045035514583648,0.0004785653115712055,0.00015952177052373515,4.617735462529176e-05,0.005213843131328397
144,0.994399946266351,0.0036480110153980488,0.0011880173962688697,3.3583530636575824e-05,0.0007220459086863802,8.395882659143956e-06,0.005591657850989874
145,0.9855129044716471,0.003782345137944352,0.010091850956291035,3.3583530636575824e-05,0.0005457323728443571,3.3583530636575824e-05,0.014453511997716322
146,0.9958398401423941,0.0012803721055194533,0.001704364179806223,0.0010662770977112824,5.0375295954863736e-05,5.877117861400769e-05,0.004101388678991823
147,0.9939927459573825,0.005331385488556412,0.00044078383960505766,0.00021829294913774285,1.6791765318287912e-05,0.0,0.0060072540426175
148,0.9981445099323292,0.0006884623780498044,0.0009025573858579752,0.000193105301160311,6.716706127315165e-05,4.197941329571978e-06,0.0018512921263412422
149,0.9899123469850385,0.0023592430272194515,2.9385589307003844e-05,0.003064497170587544,0.004558964283915168,7.55629439322956e-05,0.010012090071029166
150,0.9946224371568183,0.0035136768928517455,2.098970664785989e-05,0.0014944671133276242,0.00033163736503618625,1.6791765318287912e-05,0.005360771077863416
151,0.9942110389065203,2.5187647977431868e-05,0.0018722818329891021,0.0017379477104427989,0.0020527933101606973,0.00010075059190972747,0.00568821050157003
152,0.9915915235168673,0.0,0.004176951622924118,0.0012090071029167296,0.003005725991973536,1.6791765318287912e-05,0.008391684717814384
153,0.9983502090574782,0.0009235470925058352,0.0005205447248669252,9.65526505801555e-05,0.00010494853323929945,4.197941329571978e-06,0.0016455930011922153
154,0.9912263026211946,0.0019898241902171175,5.0375295954863736e-05,0.005553876379023727,0.001175423572280154,4.197941329571978e-06,0.008769499437475861
155,0.9964569375178413,0.0002938558930700385,4.617735462529176e-05,0.003068695111917116,0.00012593823988715934,8.395882659143956e-06,0.003534666599499606
156,0.9973678907863583,0.00034842913035447416,0.00191006330495525,5.0375295954863736e-05,0.00031484559971789835,8.395882659143956e-06,0.002623713330982486
157,0.9949834601111615,0.00043238795694591374,6.716706127315165e-05,0.004147566033617114,0.0003274394237066143,4.197941329571978e-05,0.004974560475542795
158,0.9935519621177774,0.0006254932581062247,4.197941329571978e-05,0.005616845498967306,0.00015952177052373515,4.197941329571978e-06,0.006443839940892986
159,0.9936107332963915,0.0012425906335533055,0.004869611942303494,3.77814719661478e-05,0.000188907359830739,5.0375295954863736e-05,0.006338891407653687
160,0.9890475710711467,0.0059400869813443485,0.004214733094890266,8.395882659143956e-06,0.000759827380652528,2.9385589307003844e-05,0.010923043339546286
161,0.9967675851762295,0.002086376840797273,0.00030644971705875437,0.0007136500260272363,9.65526505801555e-05,2.9385589307003844e-05,0.0032030292344634188
162,0.9911591355599214,0.0005163467835373533,0.007170083790908938,6.296911994357967e-05,0.0010830688630295703,8.395882659143956e-06,0.008832468557419442
163,0.9892364784309774,0.0029511527546891006,5.457323728443571e-05,0.007388376740046681,0.0002938558930700385,7.55629439322956e-05,0.010687958625090256
164,0.9918517958793008,0.002825214514801941,8.395882659143956e-06,0.005029133712827229,0.0002770641277517505,8.395882659143956e-06,0.008139808238040065
165,0.9973720887276879,0.000759827380652528,0.001334945342803889,0.0001553238291941632,0.0003022517757291824,7.55629439322956e-05,0.002552348328379763
166,0.9746948096653402,3.77814719661478e-05,0.010247174785485197,0.0104864574412708,0.004516984870619448,1.6791765318287912e-05,0.02528839856934159
167,0.9974854331435864,0.0009193491511762632,0.0010788709216999982,0.00013853206387587526,0.000377814719661478,0.0,0.002514566856413615
168,0.9817515490403506,0.006128994341175088,4.197941329571978e-05,0.008538612664349403,0.0035220727755108897,1.6791765318287912e-05,0.0182316591943311
169,0.9885983913488825,0.0010872668043591424,0.0076612429264688595,0.0021409500780817086,0.00010075059190972747,0.0004113982502980538,0.010990210400819439
170,0.9924017261934747,0.004172753681594546,0.0027160680402330698,0.0005499303141739291,0.0001133444158984434,4.617735462529176e-05,0.007552096451899988
171,0.9862223565563447,4.197941329571978e-05,0.0023382533205715916,0.0023550450858898795,0.007896327640924891,0.00114603798297315,0.012631605460682082
172,0.9916335029301631,8.395882659143956e-06,0.0005457323728443571,0.0013895185800883248,0.006376672879619834,4.617735462529176e-05,0.00832031971521166
173,0.9961127063288163,0.0010788709216999982,0.0025355565630614746,0.0001343341225463033,0.00012593823988715934,1.2593823988715934e-05,0.003874699847194936
174,0.9819110708108744,0.008089432942085202,4.617735462529176e-05,0.007069333198999211,0.002871391869427233,1.2593823988715934e-05,0.018076335365136937
175,0.9905000587711786,0.0022962739072758718,0.006590767887428005,8.815676792101153e-05,0.0004995550182190654,2.5187647977431868e-05,0.009474753580843955
176,0.9906721743656911,0.005822544624116333,0.0022500965526505803,0.001162829748291438,7.976088526186758e-05,1.2593823988715934e-05,0.009315231810320219
177,0.9938752036001545,0.0006758685540610884,0.004042617500377815,7.55629439322956e-05,0.001313955636156029,1.6791765318287912e-05,0.006108004634527228
178,0.9914236058636845,0.006469027588870418,0.0008983594445284033,0.0010872668043591424,5.877117861400769e-05,6.296911994357967e-05,0.008513425016371971
179,0.9871165180595436,0.008400080600473528,0.0003106476583883264,0.004000638087082095,0.00016371971185330714,8.395882659143956e-06,0.012875086057797256
180,0.9821545514079896,0.004516984870619448,4.617735462529176e-05,0.009239668866387923,0.004017429852400383,2.5187647977431868e-05,0.017820260944033044
181,0.9919735361778583,0.000978120329790271,0.0063640790556311186,6.716706127315165e-05,0.0006045035514583648,1.2593823988715934e-05,0.008013869998152906
182,0.9928551038570685,0.003152653938508555,0.001318153577485601,0.0005373364901852132,9.65526505801555e-05,0.002040199486171981,0.005104696656759525
183,0.9954116501267778,0.0006128994341175087,0.003391936594294158,0.0001679176531828791,0.00027286618642217856,0.00014273000520544725,0.004445619868016724
184,0.9733682602051954,2.9385589307003844e-05,0.013269692542777023,0.005079509008782093,0.00823636088862022,1.6791765318287912e-05,0.02661494802948634
185,0.9836280288146693,2.5187647977431868e-05,0.004735277819757191,0.002976340402666532,0.008421070307121388,0.00021409500780817086,0.016157876177522543
186,0.9804417913455241,0.007497523214615553,0.009802193004550569,4.617735462529176e-05,0.002115762430104277,9.65526505801555e-05,0.01946165600389569
187,0.007358991150739677,0.007858546168958742,0.0003106476583883264,8.395882659143956e-06,0.984425637667288,3.77814719661478e-05,0.9926032273772942
188,0.9895093446173996,0.007233052910852518,0.0016413950598626434,0.0008941615031988313,0.0007220459086863802,0.0,0.010490655382600373
189,0.9775410138867899,0.010012090071029166,5.877117861400769e-05,0.004092992796332679,0.008295132067234229,0.0,0.02245898611321008
190,0.9844466273739358,0.0001133444158984434,0.007128104377613218,0.0027958289254949374,0.005503501083068863,1.2593823988715934e-05,0.015540778802075463
191,0.9827128776048226,0.004743673702416335,0.00011754235722801538,0.010263966550803486,0.0020276056621832653,0.0001343341225463033,0.0171527882726311
192,0.9812394001981428,0.012014508085235001,5.457323728443571e-05,0.004479203398653301,0.0021871274327070005,2.5187647977431868e-05,0.018735412153879735
193,0.987141705707521,0.0033289674743505783,0.007065135257669638,0.002279482141957584,9.65526505801555e-05,8.815676792101153e-05,0.012770137524557957
194,0.9893036454922506,0.002657296861619062,0.004504391046630732,8.395882659143955e-05,0.00341712424227159,3.3583530636575824e-05,0.010662770977112825
195,0.9720627004516985,6.716706127315165e-05,0.0086141756082817,0.006485819354188706,0.012740751935250953,2.9385589307003844e-05,0.02790791395899451
196,0.9905798196564405,0.004080398972343962,0.0006045035514583648,0.004651318993165752,7.136500260272362e-05,1.2593823988715934e-05,0.009407586519570802
197,0.9808531895958222,0.0014273000520544725,0.010965022752842007,0.0001511258878645912,0.006599163770087149,4.197941329571978e-06,0.01914261246284822
198,0.9746822158413514,4.197941329571978e-05,0.009012980034591037,0.005961076687992208,0.010297550081440062,4.197941329571978e-06,0.025313586217319026
199,0.9893414269642168,0.0011166523936661462,0.007199469380215942,0.0021871274327070005,0.00014273000520544725,1.2593823988715934e-05,0.010645979211794537
200,0.9929012812116937,0.0009235470925058352,0.0035766460127953253,0.0001343341225463033,0.0024473997951404633,1.6791765318287912e-05,0.0070819270229879275
201,0.9913522408610818,0.0007892129699595318,7.976088526186758e-05,0.006914009369805047,0.0004953570768894933,0.0003694188370023341,0.00827834030191594
202,0.9846187429684483,0.0033163736503618625,4.617735462529176e-05,0.009164105922455628,0.002854600104108945,0.0,0.015381257031551729
203,0.9908610817255218,0.002720265981562642,0.00010075059190972747,0.006028243749265361,0.00028965795174046646,0.0,0.009138918274478196
204,0.9829185767299716,6.716706127315165e-05,0.00649421523684785,0.0015700300572599197,0.008908031501351736,4.197941329571978e-05,0.01703944385673266
205,0.9887495172367471,0.005499303141739291,0.0002266888317968868,0.0051802596006918205,0.00034003324769533023,4.197941329571978e-06,0.011246284821923327
206,0.9803200510469666,0.007224657028193374,0.008832468557419442,0.00010494853323929945,0.0035094789515221735,8.395882659143956e-06,0.019671553070374288
207,0.9868730374624284,0.00014692794653501924,0.004239920742867697,0.004084596913673535,0.004655516934495323,0.0,0.013126962537571575
208,0.9795476298423254,0.011250482763252901,7.136500260272362e-05,0.008261548536597652,0.0008605779725622555,8.395882659143956e-06,0.02044397427501553
209,0.9944797071516128,0.00046597148758248955,0.004869611942303494,6.296911994357967e-05,0.00010914647456887143,1.2593823988715934e-05,0.005507699024398435
210,0.9864784309774487,0.005113092539418669,2.5187647977431868e-05,0.007409366446694541,0.0009739223884606988,0.0,0.01352156902255134
211,0.9944671133276242,0.003400332476953302,0.0017715312410793746,0.0002938558930700385,2.098970664785989e-05,4.617735462529176e-05,0.005486709317750576
212,0.9892406763723071,0.00035682501301361814,0.010058267425654459,2.098970664785989e-05,0.00029805383439961044,2.5187647977431868e-05,0.010734135979715545
213,0.9901012543448693,0.002875589810756805,0.006859436132520612,0.0,0.00015952177052373515,4.197941329571978e-06,0.00989454771380115
214,0.9895849075613319,0.005184457542021393,0.003240810706429567,0.0019352509529326819,0.0,5.457323728443571e-05,0.010360519201383643
215,0.997812872567293,0.0003442311890249022,0.0014860712306684802,2.5187647977431868e-05,0.0003274394237066143,4.197941329571978e-06,0.0021829294913774284
216,0.9853114032878276,0.008429466189780532,4.197941329571978e-06,0.00526421842728326,0.0009865162124494148,4.197941329571978e-06,0.01468439877084278
217,0.9910415932026934,0.0067712793645996,0.0014147062280657566,0.0002602723624334626,1.6791765318287912e-05,0.0004953570768894933,0.008463049720417108
218,0.9971747854851981,0.00188907359830739,0.0002518764797743187,0.0004869611942303494,1.2593823988715934e-05,0.00018470941850116704,0.002640505096300774
219,0.9894043960841603,2.098970664785989e-05,0.003370946887646298,0.0014147062280657566,0.005788961093479757,0.0,0.010595603915839672
220,0.9934260238778903,0.0035724480714657532,0.002682484509596494,2.5187647977431868e-05,0.00025607442110389065,3.77814719661478e-05,0.00653619465014357
221,0.9934176279952311,0.003060299229257972,0.003152653938508555,0.0003610229543431901,4.197941329571978e-06,4.197941329571978e-06,0.0065781740634392885
222,0.9973678907863583,0.0009823182711198428,0.001330747401474317,0.0003106476583883264,4.197941329571978e-06,4.197941329571978e-06,0.002627911272312058
223,0.9855213003543063,0.003925075143149799,0.009130522391819051,8.395882659143956e-06,0.001347539166792605,6.716706127315165e-05,0.0144115325844206
224,0.9928089265024432,0.004798246939700771,0.001880677715648246,0.00047436737024163353,8.395882659143956e-06,2.9385589307003844e-05,0.007161687908249795
225,0.9958944133796787,0.0020569912514902693,0.0015952177052373517,4.197941329571978e-06,0.0004197941329571978,2.9385589307003844e-05,0.004076201031014391
226,0.9798708713247024,0.0,0.012711366345943949,0.0016623847665105033,0.0057469816801840375,8.395882659143956e-06,0.020120732792638492
227,0.991104562322637,0.0011712256309505818,0.0072666364414890935,4.197941329571978e-06,0.00043238795694591374,2.098970664785989e-05,0.008874447970715162
228,0.9947441774553759,8.395882659143956e-06,0.0016497909425217873,0.0010956626870182863,0.002430608029822175,7.136500260272362e-05,0.005184457542021393
229,0.977578795358756,4.197941329571978e-06,0.00647322553019999,0.00044078383960505766,0.015486205564791026,1.6791765318287912e-05,0.022404412875925643
230,0.9892322804896478,0.0,0.0021871274327070005,0.0022207109633435762,0.0037193760180007722,0.0026405050963007742,0.00812721441405135
231,0.9931027823955132,0.0008521820899031115,2.098970664785989e-05,0.005562272261682871,0.00045757560492334557,4.197941329571978e-06,0.006893019663157188
232,0.992330361190872,0.004030023676389099,0.00339613453562373,4.197941329571978e-06,0.0002308867731264588,8.395882659143956e-06,0.00766124292646886
233,0.9908820714321697,0.004512786929289876,0.002300471848605444,0.002287878024616728,1.6791765318287912e-05,0.0,0.009117928567830337
234,0.9926452067905899,0.001687572414487935,0.005071113126122949,1.6791765318287912e-05,0.0005793159034809329,0.0,0.007354793209410106
235,0.9875069266031938,0.0091683038637852,0.0018512921263412422,0.0014482897587023325,1.2593823988715934e-05,1.2593823988715934e-05,0.01248047957281749
236,0.9940976944906218,0.0004449817809346297,0.002455795677799607,1.2593823988715934e-05,0.0029511527546891006,3.77814719661478e-05,0.005864524037412053
237,0.9900340872835961,0.005780565210820613,4.197941329571978e-06,0.0025313586217319026,0.0015994156465669236,5.0375295954863736e-05,0.009915537420449011
238,0.9921162661830638,0.0018428962436820983,1.6791765318287912e-05,0.0018386983023525264,0.0012299968095645895,0.0029553506960186726,0.004928383120917502
239,0.9923051735428946,4.197941329571978e-06,0.00520124930733968,0.0010914647456887142,0.0013979144627474687,0.0,0.007694826457105435
240,0.9932371165180596,8.395882659143956e-06,0.001544842409282488,0.0008018067939482478,0.004302889862811277,0.00010494853323929945,0.006657934948701157
241,0.9932035329874229,0.001360132990781321,0.003001528050643964,1.6791765318287912e-05,0.0024054203818447435,1.2593823988715934e-05,0.006783873188588317
242,0.9916544926368109,0.0035052810101926014,0.00028965795174046646,0.00454217251859688,8.395882659143956e-06,0.0,0.008345507363189092
243,0.9980815408123856,0.0012803721055194533,0.0003022517757291824,0.00026447030376303463,4.197941329571978e-06,6.716706127315165e-05,0.0018512921263412424
244,0.9917720349940389,0.00375715748996692,8.395882659143956e-06,0.003782345137944352,0.0006674726714019445,1.2593823988715934e-05,0.008215371181972362
245,0.9949040036970129,0.0036297945637104568,0.001209931521236819,1.2603453346216864e-05,0.0002184598580010923,2.5206906692433728e-05,0.005070789396294585
246,0.992656356998517,8.40233753030093e-06,0.0005167437581135071,0.0019913539946813203,0.004814539404862433,1.2603506295451394e-05,0.007331039495187562
247,0.9989160984585912,0.0007520092089619332,0.0002142596070226737,9.242571283331023e-05,2.1005843825752324e-05,4.201168765150465e-06,0.0010797003726436695
248,0.9974330858844931,0.0016342546496435307,0.000785618559083137,6.301753147725698e-05,4.201168765150465e-06,7.982220653785883e-05,0.0024870919089690752
249,0.9918035197391915,8.40233753030093e-06,0.0011091085539997228,0.0005209449268786577,0.006516012754748371,4.201168765150465e-05,0.008154468573157053
250,0.9830734910452088,0.0,0.0004957379142877549,0.0006889916774846762,0.014115927050905561,0.00162585231211323,0.015300656642677993
251,0.9955509622777057,0.0018149049065450007,0.0018359107503707532,0.0007436068714316323,1.680467506060186e-05,3.7810518886354184e-05,0.004411227203407988
252,0.9875687416239197,0.005276667969028983,0.0061211028908242275,4.201168765150465e-06,0.0009872746598103591,4.201168765150465e-05,0.01238924668842872
253,0.9905137609282902,2.1005843825752324e-05,0.0021678030828176397,0.0011343155665906254,0.006133706397119678,2.9408181356053253e-05,0.009456830890353696
254,0.9966390649878796,0.0026425351532796426,0.0004537262266362502,0.00023526545084842602,4.201168765150465e-06,2.520701259090279e-05,0.0033357279995294693
255,0.9946519121619635,8.40233753030093e-06,0.00043272038281049786,0.0011343155665906254,0.0036928273445672585,7.982220653785883e-05,0.005268265631498683
256,0.995895458116448,4.201168765150465e-06,0.0002856794760302316,0.00012603506295451395,0.0036802238382718073,8.40233753030093e-06,0.004096139546021703
257,0.9902028744396691,4.201168765150465e-06,0.0064193858731499106,0.0006805893399543753,0.002671943334635696,2.1005843825752324e-05,0.009776119716505133
258,0.9779354616454298,0.0,0.002159400745287339,0.004575072785248856,0.011910313449201567,0.0034197513748324784,0.01864478697973776
259,0.9977607770481748,0.0004663297329317016,0.0008738431031512967,7.982220653785883e-05,0.0008108255716740397,8.40233753030093e-06,0.0022308206142948967
260,0.991118729230472,0.00723021144482395,0.001247747123249688,4.201168765150465e-06,0.00026887480096962976,0.00013023623171966442,0.008751034537808417
261,0.988190514601162,2.9408181356053253e-05,0.0018485142566662045,0.0018401119191359036,0.008083048704149495,8.40233753030093e-06,0.011801083061307656
262,0.9915598519508128,0.006642047817702885,0.0014115927050905562,0.0002772771384999307,0.00010502921912876162,4.201168765150465e-06,0.008435946880422134
263,0.9862537758004277,0.0022644299644161005,2.520701259090279e-05,0.0024996954152645265,0.00894848946977049,8.40233753030093e-06,0.01373782186204202
264,0.987883829281306,0.004680102004377618,0.0,0.00451625642253675,0.002907208785484122,1.2603506295451394e-05,0.01210356721239849
265,0.9856278016544202,0.004491049409945847,8.40233753030093e-06,0.0064235870419150605,0.003289515143112814,0.00015964441307571767,0.014212553932504021
266,0.9884089753769498,0.002277033470711552,0.004743119535854875,0.004495250578710998,6.721870024240744e-05,8.40233753030093e-06,0.011582622285519832
