,.,A,T,C,G,-,Mutation_Frequency
0,0.9977961706393591,0.001228262040282024,0.00021541189239347467,0.00043703758937522265,0.000323117838590212,0.0,0.0022038293606409334
1,0.9970484428205701,0.0002319820379622035,0.0015638074880487826,1.8641413764819922e-05,0.0011371262396540154,0.0,0.0029515571794298213
2,0.998771737959718,0.00014498877372637719,9.942087341237292e-05,0.0007083737230631571,0.00027547867008011667,0.0,0.0012282620402820237
3,0.9992791986677603,0.00013256116454983058,4.763916851009536e-05,0.0005074607080423201,3.3140291137457646e-05,0.0,0.0007208013322397037
4,0.9993247665680743,6.213804588273309e-05,9.734960521628183e-05,0.0004929618306696824,1.6570145568728823e-05,6.213804588273308e-06,0.0006690196273374262
5,0.9985770387492854,0.00010770594619673733,0.0005426722673758689,0.0006959461138866104,5.592424129445977e-05,2.0712681960911025e-05,0.0014022485687536766
6,0.9990368602888177,0.000161558919295106,0.000646235677180424,4.971043670618646e-05,4.763916851009536e-05,5.799550949055087e-05,0.0009051442016918118
7,0.9991383524304261,0.00018020033305992593,0.000484676757885318,8.0779459647553e-05,3.521155933354875e-05,8.0779459647553e-05,0.0007808681099263456
8,0.9986143215768151,0.0007705117689458902,0.00034590178874721416,0.00017812906486383483,2.2783950157002128e-05,6.835185047100639e-05,0.0013173265727139413
9,0.9992481296448189,0.00013463243274592168,2.6926486549184334e-05,0.0004908905624735914,3.3140291137457646e-05,6.628058227491529e-05,0.000685589772906155
10,0.9991652789169753,8.906453243191742e-05,0.0004971043670618647,8.906453243191742e-05,2.485521835309323e-05,0.00013463243274592168,0.0007000886502787927
11,0.9985625398719128,0.0004805342214931358,0.0006275942634156041,6.213804588273309e-05,4.349663211791315e-05,0.00022369696517783908,0.0012137631629093861
12,0.9973404916362191,5.799550949055087e-05,0.00018848540584429034,0.002154118923934747,0.00012634735996155727,0.00013256116454983058,0.0025269471992311453
13,0.9991735639897596,6.628058227491529e-05,6.628058227491529e-05,0.00040596856643385613,4.763916851009536e-05,0.0002402671107465679,0.0005861688994937821
14,0.9986971723046587,0.00037489954349248956,0.0006773047001217906,4.349663211791315e-05,7.87081914514619e-05,0.00012841862815764836,0.0011744090671836553
15,0.9989685084383466,6.0066777686641976e-05,0.0006835185047100639,8.492199603973521e-05,4.349663211791315e-05,0.0001594876510990149,0.0008720039105543542
16,0.9984154798299903,0.0005178170490227757,0.0007622266961615257,0.00016777272388337932,6.0066777686641976e-05,7.66369232553708e-05,0.0015078832467543227
17,0.9993537643228195,0.00011184848258891954,0.00028169247466839,0.00010563467800064624,3.3140291137457646e-05,0.00011391975078501065,0.0005323159263954134
18,0.99931648149529,0.00017191526027556152,0.00029826262023711876,5.385297309836867e-05,0.00014913131011855938,1.0356340980455513e-05,0.0006731621637296083
19,0.9993330516408586,0.00012013355537328395,0.0003956122254534006,8.906453243191742e-05,5.1781704902277565e-05,1.0356340980455513e-05,0.0006565920181608795
20,0.9921271095866577,9.734960521628183e-05,0.0010770594619673734,0.0017730055758539839,0.003989262545671464,0.0009362132246331784,0.0069366771887091035
21,0.9968185320508041,0.0003127614976097565,9.734960521628183e-05,0.002299107697661124,0.00014913131011855938,0.000323117838590212,0.002858350110605722
22,0.9959423856038575,0.0006545207499647884,5.385297309836867e-05,0.0029722698613907322,0.00035418686153157854,2.2783950157002128e-05,0.004034830445985468
23,0.9985314708489714,0.0007435852823967059,0.0005157457808266845,0.00011391975078501065,7.249438686318859e-05,2.2783950157002128e-05,0.0014457452008715896
24,0.9845566243299447,0.0063318668754505005,4.5567900314004256e-05,0.00841556268071815,0.0005985965086703287,5.1781704902277565e-05,0.015391593965152984
25,0.9896685142378976,0.0024710229579366855,0.006951176066081741,1.6570145568728823e-05,0.0007746543053380724,0.00011806228717719286,0.010213423474925227
26,0.9867500973496052,0.008135941474245852,0.003390666037001135,0.00163423060671588,2.0712681960911025e-05,6.835185047100639e-05,0.013181550799923777
27,0.9928893362828193,0.0012655448678116636,0.005033181716501379,7.04231186670975e-05,0.0006752334319256994,6.628058227491529e-05,0.00704438313490584
28,0.9805197226157631,8.0779459647553e-05,0.008388636194168965,0.0034818018376291436,0.007369572241692143,0.0001594876510990149,0.019320789733137805
29,0.99172321228842,0.0011826941399680196,0.0058368337765847276,9.734960521628183e-05,0.001132983703261833,2.6926486549184334e-05,0.008249861225030863
30,0.984469631065709,8.0779459647553e-05,0.004544362422223879,0.004778415728382173,0.005930040845408827,0.00019677047862865475,0.015333598455662432
31,0.9865698970165453,0.004318594188849949,8.906453243191742e-05,0.008243647420442589,0.0007083737230631571,7.04231186670975e-05,0.013359679864787612
32,0.9942895135833768,0.003108973562332745,0.0019117805449920878,0.0004660353441204981,7.87081914514619e-05,0.00014498877372637719,0.005565497642896792
33,0.9807807024084707,0.00016777272388337932,0.006041889327997746,0.0023094640386415793,0.008985161434643204,0.001715010066363433,0.01750428752516591
34,0.9794716609085411,2.2783950157002128e-05,0.0069884588936113805,0.004424228866850595,0.00907215469887903,2.0712681960911025e-05,0.020507626409498006
35,0.9814538645722003,3.3140291137457646e-05,0.006203448247292852,0.00326846121343176,0.009022444262172843,1.8641413764819922e-05,0.018527494014034914
36,0.9858408106115212,3.7282827529639845e-05,0.004917190697520278,0.003106902294136654,0.005996321427683742,0.00010149214160846403,0.014057697246870313
37,0.9933035899220375,0.0021126935600129246,0.003430020132726866,5.1781704902277565e-05,0.0010812019983595556,2.0712681960911025e-05,0.006675697396001623
38,0.9884112544428703,0.004194318097084483,4.971043670618646e-05,0.00672540783270781,0.00056338494933678,5.592424129445977e-05,0.01153282131583526
39,0.9887447286224409,1.0356340980455513e-05,0.00482812616508836,0.001186836676360202,0.005178170490227757,5.1781704902277565e-05,0.011203489672656775
40,0.9835106338909188,0.006994672698199654,5.1781704902277565e-05,0.008707611496366995,0.0006959461138866104,3.935409572573095e-05,0.01645001201335554
41,0.9942045915873371,0.001733651480128253,0.0032166795085294825,7.249438686318859e-05,0.000584097631297691,0.00018848540584429034,0.005606923006818615
42,0.9824605009155005,9.113580062800851e-05,0.0061620228833710305,0.002299107697661124,0.00846941565381652,0.0005178170490227757,0.01702168203547668
43,0.9834547096496242,1.6570145568728823e-05,0.006505853403922153,0.0017999320624031683,0.00815044035161849,7.249438686318859e-05,0.01647279596351254
44,0.9856150423781473,0.005712557684819261,8.906453243191742e-05,0.006590775399961888,0.0011143422894970133,0.0008782177151426276,0.013506739906710082
45,0.9898984250076637,0.00465828217300889,0.002220399506209662,0.0006296655316116952,5.592424129445977e-05,0.0025373035402116006,0.0075642714521247075
46,0.988247624255379,0.004498794521909875,0.0063505082892153205,0.0008326498148286233,2.2783950157002128e-05,4.763916851009536e-05,0.01170473657611082
47,0.9912903172354369,0.004937903379481189,0.0023115353068376707,0.0012841862815764836,0.0,0.00017605779666774374,0.008533624967895344
48,0.9931316746617619,0.0021126935600129246,0.0036847861208460717,6.628058227491529e-05,0.0009589971747901805,4.5567900314004256e-05,0.0068227574379240916
49,0.986629963794232,0.00475148924183299,6.420931407882418e-05,0.00760776808424262,0.0005385297309836867,0.0004080398346299472,0.01296199637113812
50,0.9837819700246067,1.4498877372637718e-05,0.004411801257674049,0.0014188187143224053,0.0072100845905931285,0.0031628265354311136,0.01305520343996222
51,0.9859091624619922,2.0712681960911025e-05,0.0052133820495613055,0.0019469921043256365,0.006603203009138435,0.0003065476930214832,0.013784289844986287
52,0.9939705382811788,0.0016300880703236978,0.003543939883511877,5.1781704902277565e-05,0.0007290864050240681,7.456565505927969e-05,0.0059548960637619205
53,0.9838958897753917,0.00713759020372994,5.385297309836867e-05,0.008210507129305131,0.0005116032444345024,0.00019055667404038144,0.015913553550567942
54,0.9859857993852476,3.521155933354875e-05,0.006083314691919569,0.0009444982974175428,0.006920107043140374,3.106902294136654e-05,0.013983131591811034
55,0.9889622117830306,0.002114764828209016,0.007162445422083033,4.349663211791315e-05,0.0016922261162064308,2.485521835309323e-05,0.011012932998616392
56,0.9905715871713933,0.006249016147606857,0.0014747429556168652,0.0014892418329895028,9.527833702019072e-05,0.00012013355537328395,0.009308279273233416
57,0.980198676045369,0.006375363507568414,4.349663211791315e-05,0.010526184972534984,0.0027340740188402557,0.00012220482356937505,0.019679119131061566
58,0.9820648886900472,0.007999237773303839,2.6926486549184334e-05,0.00819186571554031,0.0017025824571868864,1.4498877372637718e-05,0.01792061243258022
59,0.9894655299546806,0.0029556997158220037,0.0065534925724322485,4.349663211791315e-05,0.0007767255735341635,0.00020505555141301916,0.010329414493906328
60,0.9890347061698938,0.008326498148286232,0.001170266530791473,0.0012261907720859328,6.628058227491529e-05,0.00017605779666774374,0.010789236033438553
61,0.9785499465612806,0.007953669872989835,2.6926486549184334e-05,0.010314915616533691,0.0028977042063314524,0.0002568372563152967,0.021193216182404162
62,0.9879410765623576,0.004948259720461644,0.003637146952335976,0.0007042311866709749,0.00010149214160846403,0.00266779343656534,0.00939113000107706
63,0.9910956180250043,0.004480153108145055,0.0026947199231145244,0.0014167474461263142,3.3140291137457646e-05,0.00027962120647229886,0.008624760768523351
64,0.9862467791779551,0.0025145195900545987,0.00909286738083994,2.6926486549184334e-05,0.001994631272835732,0.00012427609176546617,0.013628944730279455
65,0.9872658431304319,0.008591620477385894,0.0017191526027556152,0.0021748316058956578,6.213804588273309e-05,0.00018641413764819924,0.012547742731919902
66,0.9806812815350583,0.0064312877488628736,6.420931407882418e-05,0.009821953785864009,0.002901846742723635,9.942087341237292e-05,0.019219297591529343
67,0.9860251534809733,0.005140887662698117,0.005816121094623816,0.0014105336415380408,0.00013048989635373946,0.0014768142238129561,0.012498032295213714
68,0.9916880007290864,0.005138816394502026,0.0012365471130663882,0.0015575936834605092,0.00019469921043256365,0.00018434286945210815,0.008127656401461486
69,0.973920662143017,0.00539151111442514,2.8997754745275437e-05,0.011584603020737537,0.008707611496366995,0.00036661447070812517,0.02571272338627495
70,0.9927505613136811,0.003396879841589408,0.0027278602142519824,0.000584097631297691,0.00011806228717719286,0.00042253871200258495,0.006826899974316274
71,0.9755010397766345,0.00017812906486383483,0.010656674868888723,0.002137548778366018,0.011062643435322579,0.000463964075924407,0.024034996147441152
72,0.9786680088484577,4.142536392182206e-06,0.007408926337417875,0.0026284393408396093,0.011261485182147325,2.8997754745275437e-05,0.02130299339679699
73,0.9795503690999925,1.6570145568728823e-05,0.006816543633335819,0.0036475032933164318,0.009906875781903744,6.213804588273309e-05,0.020387492854124722
74,0.9929121202329763,0.0018434286945210813,0.0041611778059470255,6.835185047100639e-05,0.0009175718108683585,9.734960521628183e-05,0.006990530161807472
75,0.9826054896892269,6.420931407882418e-05,0.006356722093803594,0.00358743651562979,0.007342645755142959,4.349663211791315e-05,0.017351013678655165
76,0.9881585597229472,0.004372447161948317,6.628058227491529e-05,0.006746120514668721,0.0005985965086703287,5.799550949055087e-05,0.011783444767562282
77,0.9898052179388396,0.005646277102544346,0.003651645829708614,9.320706882409962e-05,0.0007435852823967059,6.0066777686641976e-05,0.010134715283473766
78,0.9722035808084574,0.011443756783403342,3.521155933354875e-05,0.0142006147524006,0.002036056636757554,8.0779459647553e-05,0.027715639731895045
79,0.9895545944871126,0.006675697396001624,0.0023446755979751282,0.0013048989635373947,5.1781704902277565e-05,6.835185047100639e-05,0.010377053662416424
80,0.989519382927779,0.003222893313117756,0.005426722673758689,4.763916851009536e-05,0.001657014556872882,0.00012634735996155727,0.01035426971225942
81,0.9785561603658688,3.935409572573095e-05,0.008042734405421751,0.0027465016280168023,0.010364626053239878,0.0002506234517270234,0.021193216182404162
82,0.9830590974241709,3.7282827529639845e-05,0.006940819725101285,0.0023446755979751282,0.007578770329497345,3.935409572573095e-05,0.016901548480103397
83,0.9919821208129314,0.0025704438313490586,0.003972692400102735,6.213804588273309e-05,0.0013173265727139413,9.527833702019072e-05,0.007922600850048468
84,0.9778788556657471,0.010343913371278967,3.521155933354875e-05,0.010078791042179305,0.0015886627064018758,7.456565505927969e-05,0.022046578679193695
85,0.9915450832235562,0.00435794828457568,0.002771356846369895,0.0011806228717719286,9.734960521628183e-05,4.763916851009536e-05,0.008407277607933786
86,0.9858801647072469,0.003916768158808275,0.008090373573931846,5.592424129445977e-05,0.002013272686600552,4.349663211791315e-05,0.014076338660635132
87,0.989223191575738,0.007245296149926677,0.0017232951391477974,0.0016818697752259753,8.906453243191742e-05,3.7282827529639845e-05,0.010739525596732368
88,0.9836431950554686,0.005675274857289621,2.485521835309323e-05,0.007897745631695374,0.0026325818772317913,0.00012634735996155727,0.016230457584569882
89,0.9863399862467792,0.00010149214160846403,0.005219595854149579,0.001246903454046844,0.005934183381801009,0.0011578389216149263,0.012502174831605897
90,0.9796850015327385,2.485521835309323e-05,0.008684827546209993,0.0029929825433516436,0.008448702971855607,0.0001636301874911971,0.020151368279770335
91,0.9926635680494453,0.0023136065750337617,0.004134251319397841,0.00010770594619673733,0.000666948359141335,0.00011391975078501065,0.007222512199769676
92,0.980515580079371,8.69932642358263e-05,0.007568413988516889,0.003086189612175743,0.008417633948914241,0.00032518910678630314,0.0191592308138427
93,0.9804824397882336,2.8997754745275437e-05,0.009078368503467302,0.0019449208361295453,0.008419705217110333,4.5567900314004256e-05,0.019471992311452455
94,0.990269182014764,0.0031814679491959335,0.005014540302736559,6.835185047100639e-05,0.0013753220822044921,9.113580062800851e-05,0.00963968218460799
95,0.981629922368868,7.66369232553708e-05,0.006050174400782111,0.003309886577353582,0.008898168170407377,3.521155933354875e-05,0.01833486607179844
96,0.9918806286713229,0.004544362422223879,0.002502091980878052,0.0009652109793784539,8.0779459647553e-05,2.6926486549184334e-05,0.008092444842127938
97,0.9919634793991665,0.0020277715639731896,0.004465654230772417,8.69932642358263e-05,0.0013960347641654033,6.0066777686641976e-05,0.007976453823146837
98,0.9805445778341163,0.007013314111964474,7.87081914514619e-05,0.01096943636649848,0.0012013355537328395,0.00019262794223647256,0.019262794223647253
99,0.9855549756004607,0.0065493500360400666,3.106902294136654e-05,0.007079594694239389,0.0007435852823967059,4.142536392182205e-05,0.014403599035617528
100,0.99004341378139,0.0028355661604487197,0.00599217889129156,7.87081914514619e-05,0.0006275942634156041,0.00042253871200258495,0.009534047506607347
101,0.984154798299903,0.00781489490385173,0.005894829286075278,0.0018310010853445347,5.592424129445977e-05,0.00024855218353093234,0.015596649516566
102,0.9912820321626525,0.004635498222851888,0.0029598422522141856,0.001008707611496367,3.3140291137457646e-05,8.0779459647553e-05,0.008637188377699898
103,0.9844095642880223,0.003635075684139885,0.009012087921192388,4.349663211791315e-05,0.002680221045741887,0.0002195544287856569,0.015370881283192073
104,0.9826344874439722,0.008011665382480385,0.007276365172868044,0.0017833619168344393,9.942087341237292e-05,0.00019469921043256365,0.01717081334559524
105,0.9916527891697529,0.004608571736302703,0.0021292637055816536,0.0014995981739699582,2.485521835309323e-05,8.492199603973521e-05,0.008262288834207408
106,0.9860292960173656,0.002580800172329514,0.009239927422762409,6.420931407882418e-05,0.0020070588820122787,7.87081914514619e-05,0.013891995791183026
107,0.9860520799675225,0.009099081185428215,0.0022473259927588466,0.002274252479308031,0.0001594876510990149,0.00016777272388337932,0.013780147308594108
108,0.9769509275138982,0.00542879394195478,4.142536392182205e-05,0.010076719773983214,0.007361287168907779,0.000140846237334195,0.022908226248767594
109,0.986745954813213,0.00479084333755872,0.004577502713361337,0.0012386183812624794,0.00026512232909966117,0.002381958425504768,0.010872086761282197
110,0.992452298693444,0.003811133480807629,0.0024109561802500433,0.0008367923512208055,0.0002609797927074789,0.0002278395015700213,0.007319861804985957
111,0.9700515331527187,4.5567900314004256e-05,0.00901623045758457,0.006097813569292206,0.0145030199090299,0.0002858350110605722,0.029662631836220678
112,0.9902857521603328,0.0024254550576226813,0.005300375313797132,0.00014913131011855938,0.0018040745987953505,3.521155933354875e-05,0.009679036280333723
113,0.9767541570352696,0.00012220482356937505,0.008788390956014549,0.004666567245793255,0.009399415073861423,0.00026926486549184336,0.0229765780992386
114,0.9829824605009155,0.0068745391428263695,0.0001739865284716526,0.008082088501147482,0.0017895757214227126,9.734960521628183e-05,0.016920189893868218
115,0.9881378470409863,0.004328950529830404,0.005671132320897439,0.0010563467800064623,0.000161558919295106,0.000644164408984333,0.01121798855002941
116,0.9918247044300285,0.004913048161128096,0.0013794646185966743,0.0014291750553028608,0.0003479730569433052,0.00010563467800064624,0.008069660891970936
117,0.9658696426648108,0.01192843354128866,2.6926486549184334e-05,0.010621463309555174,0.011267698986735599,0.0002858350110605722,0.033844522324128615
118,0.991383524304261,0.00439523111210532,0.0032436059950786667,0.0005903114358859643,0.0003334741795706675,5.385297309836867e-05,0.008562622722640618
119,0.9788647793270864,3.521155933354875e-05,0.008347210830247144,0.0020319141003653715,0.01066910247806527,5.1781704902277565e-05,0.021083438968011334
120,0.9860210109445812,0.006226232197449855,0.00014498877372637719,0.006787545878590543,0.0007974382554950746,2.2783950157002128e-05,0.013956205105261849
121,0.9897637925749178,0.004034830445985468,0.005337658141326772,0.00011184848258891954,0.000724943868631886,2.6926486549184334e-05,0.010209280938533044
122,0.9761555605265992,9.942087341237292e-05,0.00961896950264708,0.004749417973636898,0.009349704637155237,2.6926486549184334e-05,0.023817512986851586
123,0.9917501387749691,0.00445115535339978,0.002522804662838963,0.001170266530791473,6.213804588273309e-05,4.349663211791315e-05,0.008206364592912949
124,0.9880218560220052,0.004202603169868847,0.006068815814546931,0.00012634735996155727,0.0014561015418520452,0.00012427609176546617,0.011853867886229382
125,0.9851738622523799,0.006466499308196423,0.0063463657528231385,0.001698439920794704,0.00012013355537328395,0.00019469921043256365,0.014631438537187548
126,0.9908077117457477,0.005248593608894854,0.0024710229579366855,0.0014188187143224053,2.485521835309323e-05,2.8997754745275437e-05,0.009163290499507037
127,0.989927422762409,0.002437882666799228,0.005662847248113075,9.527833702019072e-05,0.0017377940165204352,0.00013877496913810387,0.009933802268452929
128,0.9762052709633054,0.00022162569698174798,0.009643824721000173,0.0037199976801796206,0.008993446507427567,0.0012158344311054773,0.02257889460558911
129,0.9848176041226522,2.485521835309323e-05,0.00576641065791763,0.0019221368859725432,0.007286721513848499,0.00018227160125601702,0.015000124276091764
130,0.9856564677420692,0.0047038500733228945,0.00010356340980455513,0.0066674123232172595,0.002015343954796643,0.0008533624967895343,0.013490169761141351
131,0.9927153497543476,0.0053128029229736785,0.0013152553045178502,0.00044739393035567816,0.0001739865284716526,3.521155933354875e-05,0.007249438686318859
132,0.9723962087506939,0.010076719773983214,7.249438686318859e-05,0.010971507634694571,0.006402289994117598,8.0779459647553e-05,0.027523011789658575
133,0.9895255967323673,0.005731199098584081,0.0025932277815060604,0.001775076844050075,0.0002361245743543857,0.00013877496913810387,0.010335628298494604
134,0.9874916113638058,0.004449084085203689,0.005399796187209505,9.942087341237292e-05,0.0021209786327972893,0.0004391088575713138,0.012069279778622856
135,0.9864808324841133,0.005132602589913752,0.0069926014300035625,4.142536392182206e-06,0.001292471354360848,9.734960521628183e-05,0.013421817910670346
136,0.9869800081193714,0.007208013322397037,0.0037593517759053514,0.0017688630394618017,0.000140846237334195,0.0001429175055302861,0.012877074375098387
137,0.9902567544055875,0.002885276597154906,0.005084963421403657,0.00010770594619673733,0.0015451660742839626,0.00012013355537328395,0.009623112039039263
138,0.9758075874696559,0.00012841862815764836,0.00747727818788888,0.005664918516309166,0.010273490252611869,0.0006483069453765151,0.023544105584967563
139,0.9898590709119379,0.00326846121343176,0.005256878681679219,0.0007829393781224368,0.0003583293979237608,0.0004743204169048625,0.009666608671157175
140,0.9934651488413325,0.0035294410061392388,0.002493806908093688,0.00041632490741431164,6.628058227491529e-05,2.8997754745275437e-05,0.0065058534039221525
141,0.9938628323349821,0.004548504958616062,0.0005219595854149578,0.0005778838267094177,0.00042875251659085827,6.0066777686641976e-05,0.006077100887331295
142,0.9726861862981466,0.006868325338238096,7.66369232553708e-05,0.00910943752640867,0.011004647925832028,0.0002547659881192056,0.027059047713734165
143,0.9885086040480866,0.00646028550360815,0.002682292313937978,0.0017067249935790686,0.0005820263631015998,6.0066777686641976e-05,0.011431329174226797
144,0.9872575580576476,0.0026470807546044293,0.007785897149106455,0.0001512025783146505,0.002060911855110647,9.734960521628183e-05,0.012645092337136182
145,0.9847161119810438,0.005948682259173647,0.00740064126463351,4.763916851009536e-05,0.001816502207971897,7.04231186670975e-05,0.01521346490028915
146,0.9839953106488041,0.007390284923653055,0.005461934233092238,0.002620154268055245,0.00013256116454983058,0.0003997547618455828,0.015604934589350366
147,0.988425753320243,0.004529863544851242,0.0057560543169371745,0.0012634735996155727,1.0356340980455513e-05,1.4498877372637718e-05,0.011559747802384446
148,0.9940533890090224,0.003510799592374419,0.0010004225387120027,0.0013152553045178502,8.28507278436441e-05,3.7282827529639845e-05,0.005909328163447916
149,0.9810188982510212,0.004194318097084483,7.66369232553708e-05,0.008026164259853023,0.006023247914232926,0.0006607345545530617,0.018320367194425806
150,0.9911473997299066,0.003169040340019387,2.0712681960911025e-05,0.00493997464767728,0.0006275942634156041,9.527833702019072e-05,0.008757321933073181
151,0.9819654678166347,4.971043670618646e-05,0.0074979908698497915,0.0018454999627171725,0.008046876941813934,0.0005944539722781464,0.017440078211087083
152,0.9782061160407294,2.0712681960911025e-05,0.009797098567510916,0.0021955442878565687,0.009689392621314179,9.113580062800851e-05,0.021702748158642572
153,0.9930819642250557,0.004109396101044748,0.0015058119785582315,0.0010977721439282843,0.00018227160125601702,2.2783950157002128e-05,0.00689525182478728
154,0.9822782293142446,0.006323581802666137,0.00014913131011855938,0.008883669293034739,0.002321891647818126,4.349663211791315e-05,0.01767827405363756
155,0.9876966669152188,0.005250664877090945,4.349663211791315e-05,0.00640643253050978,0.000584097631297691,1.8641413764819922e-05,0.012284691671016331
156,0.9935811398603137,0.0016383731431080621,0.004065899468926834,0.00012841862815764836,0.0005323159263954134,5.385297309836867e-05,0.0063650071665879585
157,0.9818017999357905,0.005499228450998871,0.0002299112459739641,0.011044024896695285,0.0010542776955022317,0.0003707577750390953,0.017827442289170353
158,0.9845814476123407,0.006147536739195725,3.521163226628279e-05,0.00852535755341294,0.000669021013059373,4.142544972503858e-05,0.01537712693793432
159,0.9913047981027144,0.003720005385308464,0.003778001014923518,0.00011391998674385609,0.0006752348305181288,0.00040804067979162997,0.008287161217493969
160,0.9836928717157386,0.00849428846611916,0.006050186932341884,2.071272486251929e-05,0.0016653030789465508,7.663708199132137e-05,0.016230491202270114
161,0.9894031504707064,0.006106237766293485,0.0025332187205484844,0.0017005499342357365,0.00018641838499539132,7.042472322048117e-05,0.010526424806073098
162,0.9912486924821607,0.0024710792588833537,0.004403616516668911,0.00010977971560839712,0.001729548349679464,3.7283676999078266e-05,0.008714023840840126
163,0.9786343817641393,0.00788756900069389,0.00013670681566328697,0.012017771886036227,0.001215862133247719,0.00010770840021955943,0.021257909835641124
164,0.9802479364520439,0.007842000062139462,2.8998415443727538e-05,0.011002827345505763,0.0008471679940346117,3.106973083256522e-05,0.019720993817123562
165,0.9940594674648136,0.001708835195791087,0.003328603829862154,0.0002527004774381971,0.0003376244083805421,0.0003127686237144899,0.00562776391147198
166,0.9717886844040308,7.66386693869942e-05,0.00789792557763808,0.011574510392824963,0.00850482098656752,0.00015741996955166379,0.02805389562641756
167,0.9912383359052166,0.0027072092132108495,0.004534109386165684,0.00036248019304659427,0.001085369263750945,7.249603860931885e-05,0.008689168056174073
168,0.975345132926665,0.010605134790848928,0.00016156260032933916,0.01089926157606388,0.0028169889288192466,0.00017191917727352754,0.024482947896061393
169,0.983704961836014,0.004561036486220574,0.008221050778296757,0.0014913470799631306,0.0002216307466056319,0.001799973072899945,0.014495065091086095
170,0.9932288699938896,0.003094545190923496,0.0026429984361568816,0.000708389862982487,0.00013463550027444928,0.0001905610157730667,0.006580568990337314
171,0.9782325465787048,7.456735399815653e-05,0.006481145851673105,0.00279627577493087,0.012152407386310677,0.00026305705438238556,0.021504396366912808
172,0.9797901757511107,1.2427892333026089e-05,0.006781486583054569,0.0025974294976024524,0.01077291133734478,4.556893855442899e-05,0.020164255310334826
173,0.9935312820406599,0.003471524591691954,0.002185237735223754,0.00047225990865499136,0.000234058638938658,0.00010563708483072174,0.0063630808745093565
174,0.9792599190115683,0.006655136344335471,9.320919249769566e-05,0.01011216172830556,0.0038464326770715745,3.31410462214029e-05,0.020706939942210303
175,0.9866772994189961,0.004569321747775925,0.007311743322597015,0.0002858415236596,0.0010750126868067566,8.078130016466958e-05,0.013241919280839298
176,0.9869175720041012,0.008214836832130245,0.002373727435607983,0.0023219445508870407,0.00012427892333026087,4.7640253943266674e-05,0.013034787741955529
177,0.9878641631368,0.0030054786292034756,0.006522572159449859,0.00016156260032933916,0.002371656120219145,7.456735399815653e-05,0.012061269509201817
178,0.9817578498000137,0.008484142979350972,0.006727660253157216,0.0022618857747683744,0.00015327797374804002,0.0006151832189617281,0.017626966981024603
179,0.9919611916741061,0.0044574891825105685,0.0015762775408413303,0.0017626966981024602,0.00015742062168717623,8.492428275229243e-05,0.007953884043141535
180,0.9759892125447664,0.0077136104626716355,7.871031084358812e-05,0.009209106368699808,0.006849868367361734,0.00015949194565674434,0.023851295509576764
181,0.987031440626534,0.0036828140178920966,0.007655613391523728,0.00021541769283508325,0.0013152907206757487,9.94235505392692e-05,0.012869135822926656
182,0.9869050898643904,0.006232613824430438,0.004902823835967712,0.0012220811420451839,0.0002506302003177411,0.0004867611328485054,0.012608149002761077
183,0.9928767168686553,0.0031297705180174116,0.0028273572184604676,0.0008471715035533563,0.00023613093253076434,8.285295878272433e-05,0.007040430172562
184,0.9678509806683334,8.492428275229243e-05,0.012523224720008783,0.00425864208143203,0.015236659120143005,4.556912733049838e-05,0.03210345020433611
185,0.9755231646516137,2.0713239695681082e-05,0.007317987584484127,0.003720097849344322,0.012856707879109247,0.0005613287957529574,0.02391550655263338
186,0.9835184410354985,0.006042064534303267,0.00687473849480718,0.00013463633689739883,0.0029661420682626943,0.00046397753023103596,0.016017581434270543
187,0.01380747418089324,0.007367714620677656,0.005567730362772432,4.142656519919964e-06,0.9730644473074804,0.00018849087165635835,0.9860040349474505
188,0.9888272553657759,0.004923547273924877,0.0012365829711961092,0.001715059799246865,0.0032892692768164513,8.285313039839928e-06,0.011164459321184301
189,0.9693360564395525,0.010768835623531946,8.699578691831925e-05,0.007005232175184659,0.012780095363953088,2.27846108595598e-05,0.030641158949588014
190,0.9824662062794387,0.0002837719716145175,0.006706960905750421,0.0030034259769419736,0.006735959501389862,0.000803675364864473,0.016730118355696773
191,0.9828701152901309,0.006193271497280346,0.0003749104150527567,0.008691293378792084,0.0009921662365208314,0.0008782431822230324,0.016251641527646018
192,0.9790837272309241,0.00906206113732492,3.728390867927968e-05,0.010203363008562871,0.0014789283776114272,0.00013463633689739883,0.020781636432178497
193,0.9881582163378088,0.005640226851871031,0.004190297069899043,0.0015534961949699865,0.00022163212381571808,0.00023613142163543793,0.011605652240555778
194,0.9839616056207913,0.0050934278417246815,0.007150269585048231,0.00010770973882459677,0.003452925665780823,0.00023406154783037374,0.01580433283137833
195,0.970769173408896,0.00014706552494107023,0.010671571612625264,0.00478687926956075,0.013507243494939702,0.00011806668903719722,0.029112759902066788
196,0.9884439638923066,0.005660987037520351,0.0038112755759375943,0.0018289980073657043,0.0002278479963875736,2.6927490482167788e-05,0.011529108617211221
197,0.9876630666683237,0.003359722274005858,0.006048328631379226,0.0002589181777131518,0.0024897571968896678,0.00018020705168835365,0.012156726279987904
198,0.9736255587454276,0.00016156494289300673,0.008490444883569674,0.0074361300639217195,0.010244874455753991,4.142690843410429e-05,0.02633301434613839
199,0.990956505888835,0.004324969240520488,0.002636822721830738,0.001766857644714548,0.00029413104988214046,2.0713454217052144e-05,0.009022780656947914
200,0.9910435023965467,0.002423474143395101,0.004246258114495689,0.00021956261470075272,0.0018020705168835366,0.00026513221397826746,0.008691365389475078
201,0.97842464263743,0.0060111066691799254,0.0002692776936572675,0.011110811913673715,0.0017316627069036586,0.002452498379155421,0.019122858983414568
202,0.9838329815461925,0.005977964799191339,4.142733748573346e-05,0.008457390947712485,0.001646736665057905,4.3498704360020134e-05,0.016123519749447462
203,0.9883672036340061,0.003738817208087445,0.00011806791183434037,0.006984649100094662,0.0005737686241774084,0.00021749352180010066,0.011415302844193854
204,0.98160419078946,0.00011185381121148034,0.00993634689595317,0.0021687211173781465,0.005221915890076703,0.000956971495920443,0.0174388377146195
205,0.9833151398276209,0.0062865984634600525,0.0004929853160802282,0.009008374536272741,0.0008471890515832493,4.971280498288015e-05,0.016635147367396273
206,0.982745513937192,0.00881573741696408,0.0067775124126659946,0.0002071366874286673,0.0014106008413892243,4.3498704360020134e-05,0.017210987358447966
207,0.9786276365911101,0.00030449093052014095,0.007318139166854816,0.005091419776996642,0.008618957563906847,3.9355970611446784e-05,0.021333007438278446
208,0.9773268181940581,0.011479515217296742,9.94256099657603e-05,0.009511716686724403,0.0015348828538464248,4.764143810859348e-05,0.022625540367833333
209,0.9924954378144594,0.0034239694431958704,0.003007624701464249,0.0002133507880515273,0.0008264753828403826,3.3141869988586766e-05,0.007471420315552029
210,0.9738987060171136,0.011531299389153909,4.557007123430681e-05,0.012262491895777104,0.00221014845486388,5.178417185716683e-05,0.0260495098110292
211,0.9901050804415326,0.006042177172294225,0.002369643704183954,0.0012759619945605905,6.628373997717353e-05,0.00014085294745149376,0.009754066611015943
212,0.9900615817371725,0.0029434123283613623,0.005406267541888217,5.178417185716683e-05,0.0013236034326691841,0.0002133507880515273,0.00972506747477593
213,0.9837024854331125,0.00753356132178063,0.00758948822738637,1.6570934994293383e-05,0.0011206094789890902,3.7284603737160116e-05,0.016260229963150383
214,0.9878100059448229,0.007253926793751929,0.0033328293007272567,0.0014872414157378311,1.8642301868580058e-05,9.735424309147363e-05,0.012092639812085597
215,0.9916171782597618,0.0027839170790412886,0.004695788704007888,2.8999136240013423e-05,0.0008285467497146692,4.557007123430681e-05,0.00833725166900386
216,0.9754957298771887,0.010327835235193351,3.3141869988586766e-05,0.011661795502233969,0.0023344304673210805,0.0001470670480743538,0.024357203074736985
217,0.9854755754775019,0.004975423232036588,0.006644944932711647,0.0014209576757606578,1.8642301868580058e-05,0.0014644563801206778,0.013059968142377473
218,0.9925658642881852,0.0036456056987445445,0.00222879075673246,0.0007270497728746223,1.2428201245720038e-05,0.0008202612822175225,0.006613874429597347
219,0.9836092399724922,2.485645397827546e-05,0.004600515357145816,0.001876662275359797,0.009814156579089094,7.456936193482637e-05,0.01631619066557298
220,0.9885494602006745,0.002419361520552145,0.007411366027855799,3.7284680967413186e-05,0.0014499598153994019,0.00013256775455080245,0.01131797204477476
221,0.984997058652946,0.00829791288641429,0.005814338859751601,0.0008285484659425153,1.242822698913773e-05,4.971290795655092e-05,0.014953228439097545
222,0.9917600855062016,0.004177955639515133,0.0028564208363368216,0.0010543279229118508,1.0356855824281442e-05,0.0001408532392102276,0.008099061254588086
223,0.9863061652291351,0.0031070567472844322,0.008293770144084578,1.0356855824281442e-05,0.0021873679500882402,9.528307358338926e-05,0.013598551697281532
224,0.9850094868799351,0.010207717100411788,0.0030242019006901807,0.001644668704895893,3.52133098025569e-05,7.871210426453895e-05,0.014911801015800419
225,0.9914120951505059,0.0028978482596339473,0.0049174351453688285,2.278508281341917e-05,0.0006773383709080062,7.249799076997009e-05,0.0085154068587242
226,0.9771652042786243,1.242822698913773e-05,0.008908967380046895,0.00250014499598154,0.011344899869917891,6.835524844025751e-05,0.022766440472935464
227,0.9912028866628554,0.0017855219441061205,0.005712841672673643,4.349879446198205e-05,0.0011330400271763897,0.000122210898726521,0.008674902438418135
228,0.9829277588592544,2.6927825143131748e-05,0.006678100635496674,0.0018000215422601146,0.00833726893854656,0.000229922199299048,0.01684231894144648
229,0.9823848406888638,4.142793817294507e-06,0.007790523773422321,0.0012490523359142938,0.008519655485266155,5.178492271618134e-05,0.017563374388420063
230,0.9880146740492629,1.65714842042684e-05,0.002738437764755353,0.0012117897824371268,0.00602787737930263,0.0019906495400377417,0.009994676410699378
231,0.9854792369660098,0.0061542349463601775,3.107153288300325e-05,0.007047023657865137,0.000952860341745433,0.0003355725551364351,0.014185190478853752
232,0.9888618911792061,0.003533869006560236,0.006699022489575501,5.80001947149394e-05,0.000745716789192078,0.00010150034075114395,0.011036608480042755
233,0.9879483881124458,0.008204956116638391,0.0023717936767359148,0.0014292905126181495,2.48572263064026e-05,2.07143552553355e-05,0.012030897532298857
234,0.9878075304967096,0.00392122744983501,0.006771522732969175,3.107153288300325e-05,0.001450004867873485,1.864291972980195e-05,0.012173826583560674
235,0.9881016743413353,0.007049095093390671,0.0033909399552984215,0.0013505759626478745,3.9357274985137453e-05,6.835737234260716e-05,0.011829968286322105
236,0.992375045830511,0.001955435136103671,0.00391501314325841,3.72858394596039e-05,0.0016488626783247057,6.835737234260716e-05,0.00755659679714639
237,0.9846382341426432,0.005418875334795767,4.1428710510671e-05,0.007825883415465753,0.00200722102424201,6.835737234260716e-05,0.015293408485014199
238,0.9860238218539616,0.005402382185396168,8.285862247540135e-06,0.006129466597617815,0.0014873122734334542,0.0009487312273433454,0.013027446918694976
239,0.9899865354738477,1.0357327809425168e-05,0.0039047125841532885,0.0011973070947695495,0.004828586224754013,7.250129466597618e-05,0.009940963231486277
240,0.9823946141895391,6.214396685655101e-06,0.006755049197307095,0.0014458829621957535,0.00861729673744174,0.0007809425168306577,0.016824443293630243
241,0.990235111341274,0.002531330916623511,0.005874676333505955,2.4857586742620404e-05,0.0012470222682547903,8.700155359917142e-05,0.009677887105126877
242,0.986649404453651,0.007430346970481616,0.005207664422578974,0.0006276540652511652,3.728638011393061e-05,4.764370792335577e-05,0.013302951838425687
243,0.9921387881926463,0.00435007767995857,0.0015018125323666494,0.0014935266701191093,2.0714655618850337e-06,0.0005137234593474883,0.007347488348006215
244,0.981052226006115,0.007977246928003844,2.4857689726316835e-05,0.00855933116242843,0.0023055507221158866,8.078749161052972e-05,0.018866986502274478
245,0.9917443933175807,0.0034489905898934625,0.0037578244828586826,3.1090660365626164e-05,0.0008871201757658666,0.0001305807735356299,0.008125025908883638
246,0.9790801309953157,3.1090660365626164e-05,0.006365294532189197,0.002561870414127596,0.011828959913775236,0.00013265348422667164,0.020787215520457654
247,0.9898126269535298,0.0032458649421713715,0.005940388840525639,0.000907847282676284,4.5599635202918376e-05,4.767234589396012e-05,0.010139700700576211
248,0.9948472412220702,0.002522488910997803,0.0018302035401898604,0.00032334286780251215,6.218132073125233e-06,0.00047050532686647597,0.004682253451063301
249,0.9829250093271981,1.86543962193757e-05,0.007239978443808813,0.0012042449114952536,0.00857894955022178,3.316337105666791e-05,0.01704182730174522
250,0.9793288562782407,1.2436264146250467e-05,0.0077685196700244576,0.0016250051817767277,0.010790531857563321,0.0004746507482485595,0.020196492973510755
251,0.988875761721179,0.00608340587820752,0.003057248269286573,0.0018426398043361108,4.974505658500187e-05,9.119927040583675e-05,0.011033039008415206
252,0.989916262488082,0.0032541557849355388,0.0051320316710193594,1.86543962193757e-05,0.001581478257264851,9.741740247896199e-05,0.009986320109439124
253,0.9772478547444348,3.1090660365626164e-05,0.007822410147991543,0.002422998797827799,0.012436264146250466,3.9381503129793146e-05,0.022712763752435434
254,0.9908759275380342,0.004862579281183933,0.0034780085395680472,0.0006777763959706504,6.425403142229407e-05,4.1454213820834885e-05,0.009082618248144924
255,0.9876487169920822,5.803589934916884e-05,0.003882187124321187,0.0012664262322265058,0.006924926418770468,0.0002197073332504249,0.01213157567466733
256,0.9867242880238777,8.290842764166977e-06,0.004151639514156614,0.0010653732951954567,0.007998590556730092,5.181776727604361e-05,0.01322389420884633
257,0.9857563321311611,0.0,0.004939269576752477,0.0012042449114952536,0.008046262902624052,5.389047796708535e-05,0.014189777390871783
258,0.9787298428885296,2.0727106910417443e-06,0.004220038966960992,0.005024250715085188,0.00969406790200224,0.0023297268167309206,0.018940430294739463
259,0.9935600878829333,0.0015586784396633918,0.0033391369232682504,9.534469178792024e-05,0.0013990797164531775,4.767234589396012e-05,0.0063922397711727395
260,0.9890374331550802,0.00475272561455872,0.0042469842059445345,6.218132073125233e-06,0.0007067943456452348,0.001249844546698172,0.009712722298221614
261,0.9768229490527712,3.9381503129793146e-05,0.008956182895991378,0.0029453218919703187,0.011163619781950835,7.254487418646106e-05,0.023104506073042326
